SAMPLE	TYPE	HV_UPPERPLATTE	SR_BIGHORNS	VMV	GM	SM	SR	SFLR	BBF	BH	HV	SEP	NEP	WB	BenCollDate	MeanDailyMinTemp_LOG	MeanDailyMaxTemp_LOG	MeanAnnPrecip_LOG	pH_LOG	temp_LOG	CHL_LOG	SO4_LOG	EC_LOG	NITRATE_LOG	TP_LOG	TSS_LOG	TURB_LOG	DO_LOG	OPEN_WATER	ICE_SNOW	D_OPEN	D_LOW	D_MEDIUM	D_HIGH	D_ALL	BARREN	D_FOREST	E_FOREST	MIX_FOREST	SHRUB_SCRUB	GRASS	PAS_HAY	CUL_CROP	D_CULCROP	W_WETLAND	H_WETLAND	G_CH_MAJ	G_NU_MAJ	UGN	ALK_LOG	MRC	MRE	MRW	NGP	WHP	LAT	LONG	ELV_LOG	W_LOG
10	C	0	1	0	0	0	0	0	0	0	0	0	0	0	10/21/1994	2.85672889	3.143639235	4.72542155	0.959041392	0.716003344	0.77815125	1.176091259	2.606381365	0.041392685	0.041392685	0.301029996	0.176091259	1.068185862	0	0	0.034791689	0	0	0	0.034791689	0.022653221	0.240961916	1.846947361	0.001339534	1.221116244	1.177275916	0	0	0.034791689	0.045795948	0.012344504	5	1	0	2.096910013	1	0	0	0	0	44.98688333	-107.6386806	3.655138435	2.255754779
13	C	0	1	0	1	0	0	0	0	0	0	0	0	0	9/15/1993	2.677606953	2.782472624	4.925575064	0.977723605	0.792391689	0.77815125	1.255272505	2.588831726	0.079181246	0.041392685	0.477121255	0.049218023	1.056904851	0	0	0.360547883	0	0	0	0.360547883	0	0	1.25118928	0	1.599884179	1.643562834	0	0	0.360547883	0.026704654	0	5	1	0	2.176091259	1	0	0	0	0	44.75111111	-107.7669444	3.945468585	0.505149985
14	C	0	1	0	0	0	0	0	1	0	0	0	0	0	9/28/1993	3.04060234	3.151982395	4.658154547	0.973127854	1.056904851	0.77815125	1.041392685	2.326335861	0.041392685	0.041392685	0.602059991	0.146128036	1.075546961	0.173868175	0.05454519	0	0	0	0	0	0.020516713	0.069439392	1.628310292	0.001372254	1.485495839	1.460228445	0.006141282	0	0	0.067930772	0.014291866	1	1	0	1.977723605	1	0	0	0	0	44.28833333	-107.4858333	3.71432976	2.164055274
16	C	0	1	0	1	0	0	0	0	0	0	0	0	0	8/25/1995	2.693726949	2.907948522	4.800909445	0.949390007	1.222716471	0.77815125	1.041392685	2.029383778	0.041392685	0.041392685	0.477121255	0.176091259	1.049218023	0	0	0.207033792	0	0	0	0.207033792	0	0.096356142	1.826261051	0	1.363503198	1.066642791	0	0	0.207033792	0.132377011	0.001300446	1	1	0	1.77815125	1	0	0	0	0	44.76693611	-107.4720833	3.88422877	1.837588457
19	C	0	1	0	0	1	0	0	0	0	0	0	0	0	10/16/1995	2.965671971	3.104487111	4.702628681	0.968482949	0.913813852	0.77815125	1.041392685	2.357934847	0.041392685	0.041392685	0.84509804	0.380211242	1.068185862	0.007452784	0	0.275652203	0.024987447	0.003742379	0	0.291004005	0.005928807	0.166579944	1.786337228	0	1.327013227	1.259459174	0	0	0.291004005	0.192128395	0.158827619	1	1	0	2.130333768	1	0	0	0	0	44.846625	-107.3306833	3.614897216	2.305351369
27	C	1	1	0	0	0	0	0	0	0	1	0	0	0	10/20/1993	2.901458321	3.123524981	4.701179277	0.963787827	1.021189299	0.77815125	1.041392685	2.622214023	0.041392685	0.041392685	0.477121255	0.093421685	1.056904851	0	0	0	0	0	0	0	0	0.404562785	1.846478072	0	1.239089003	1.14125677	0	0	0	0.022574953	0	5	1	0	2.176091259	1	0	0	0	0	44.94972222	-107.48	3.686636269	0.995635178
39	C	0	1	0	1	0	0	0	0	0	0	0	0	0	9/20/1993	2.829946696	2.954724791	4.734711842	0.944482672	0.880813592	0.77815125	1.041392685	1.544068044	0.086359831	0.041392685	0.602059991	0.071882007	1.037426498	0.28158852	0.004066153	0	0	0	0	0	0.103471756	0.250143954	1.595804352	0	1.367799566	1.573917737	0	0	0	0.252434445	0	1	1	1	1.477121255	1	0	0	0	0	44.27388889	-106.9683333	3.895422546	1.220108098
42	C	0	1	0	0	1	0	0	0	0	0	0	0	0	10/22/1993	2.887054378	2.946452265	4.716445765	0.977723605	0.986771734	0.77815125	1.041392685	2.619093331	0.041392685	0.041392685	0.477121255	0.322219295	1.064457989	0	0	0	0	0	0	0	0	0	1.697578772	0	1.568737689	1.190384486	0	0	0	0.100048965	0.131385632	5	1	0	2.301029996	1	0	0	0	0	43.90777778	-107.0302778	3.880813592	0.763428008
72	C	0	0	0	0	0	0	0	0	1	0	0	0	0	9/20/1994	3.010723865	3.16613397	4.774619141	0.963787827	1.176091259	0.77815125	2.403120521	2.913813852	0.176091259	0.041392685	0.477121255	0.176091259	1.021189299	0	0	0.089703374	0.023289336	0	0	0.108740316	0.014582503	0.266314521	1.857526776	0.145019662	1.149448603	1.175858241	0.080175731	0.021639045	0.125678452	0.007295493	0.015421949	5	3	0	2.301029996	0	1	0	0	0	44.49027778	-104.1069444	3.5774918	2.409933123
74	C	0	0	0	0	0	0	0	0	1	0	0	0	0	10/19/1995	2.948412966	3.15896526	4.663257926	0.944482672	0.857332496	0.77815125	3.09131516	3.383994789	0.158362492	0.041392685	0.602059991	0.431363764	1.021189299	0	0	0.061779901	0.015932821	0	0	0.075633365	0.017195155	0.0457029	1.827199347	0.01228304	1.153600586	1.322308274	0.00521421	0.003916515	0.078926266	0.048936974	0.028701017	5	3	0	2.33243846	0	1	0	0	0	43.88722222	-104.0972222	3.660865478	2.008600172
87	C	0	0	0	0	1	0	0	0	0	0	0	0	0	9/4/1996	2.710963119	3.025715384	4.843064511	0.968482949	1.068185862	0.77815125	1.041392685	2.445604203	0.041392685	0.041392685	0.602059991	0.380211242	1.049218023	0	0	0	0	0	0	0	0	0.471653696	1.799542223	0.11678175	1.472464269	0.900526953	0.006852374	0	0	0.010912496	0.010912496	5	1	0	2.146128036	0	0	1	0	0	43.45244722	-110.7036278	3.829303773	1.025305881
88	C	0	0	0	0	1	0	0	0	0	0	0	0	0	9/5/1996	2.499687083	2.985875357	4.838597253	0.973127854	1.045322979	0.77815125	1.133538908	2.376576957	0.041392685	0.041392685	0.477121255	0.225309282	1.037426498	0.039503992	0.013007401	0	0	0	0	0	0.730909149	0.043353925	1.607130134	0.052942324	1.387603029	1.511192017	0.018771787	0	0	0.113758762	0.199906985	5	1	0	2.079181246	0	0	1	0	0	43.55833333	-110.4055556	3.859738566	1.78103695
90	C	0	0	0	0	1	0	0	0	0	0	0	0	0	9/1/1994	2.710963119	3.025715384	4.843064511	0.959041392	1.017033339	0.77815125	1.361727836	2.509202522	0.041392685	0.041392685	0.477121255	0.301029996	1.017033339	0	0	0	0	0	0	0	0	0.469013987	1.795487094	0.118715489	1.479216166	0.907654328	0.00698103	0	0	0.011116411	0.011116411	5	1	0	2.204119983	0	0	1	0	0	43.45083333	-110.7008333	3.829946696	1.021189299
106	C	0	0	1	0	0	0	0	0	0	0	0	0	0	9/7/1994	2.893206753	3.112269768	4.538824989	0.944482672	1.214843848	0.77815125	1.113943352	2.037426498	0.041392685	0.041392685	0.477121255	0.301029996	0.995635195	0.000702238	0.169399867	0	0	0	0	0	0.783284077	0.093474642	1.752922132	0.021258102	1.293453549	1.316102847	0.006418152	0	0	0.057698075	0.012196503	2	1	0	1.698970004	0	0	1	0	0	44.45777778	-109.6325	3.776701184	2.026124504
110	C	0	0	0	0	1	0	0	0	0	0	0	0	0	9/8/1995	2.523746467	3.002166062	4.926342447	0.968482949	1.193124598	1.176091259	1.230448921	2.369215857	0.041392685	0.041392685	0.477121255	0.431363764	0.968482949	0.348491928	0.000365831	0	0	0	0	0	0.033834007	0.045807053	1.529461073	0.107870136	1.75991657	0.833163379	0.019876443	0	0	0.330256581	0.465731536	2	1	0	1.812913357	0	0	1	0	0	44.13666667	-110.6641667	3.836324116	2.685024796
114	C	0	0	1	0	0	0	0	0	0	0	0	0	0	9/14/1994	2.763427994	2.980003372	4.704819467	0.939519253	1.037426498	0.77815125	1.041392685	1.977723605	0.041392685	0.041392685	1.230448921	0.322219295	1.017033339	0.016103911	0	0	0	0	0	0	0	0	1.789601846	0	1.539022476	0.816248611	0.003532879	0	0	0.061500636	0.022466133	2	1	0	1.602059991	0	0	1	0	0	44.93555556	-110.6241667	3.822168079	1.544068044
121	C	1	0	0	0	0	0	0	0	0	1	0	0	0	10/3/1996	2.416640507	2.970346876	4.770852012	0.968482949	1.10720997	0.77815125	2.075546961	2.607455023	0.414973348	0.041392685	0.477121255	0.176091259	0.963787827	0.364480341	0.326645947	0	0	0	0	0	0.667280454	0.754958149	1.474710273	0.080810422	1.48283779	1.469136284	0.027204401	0.000255148	0.000255148	0.332548584	0.326862437	1	1	0	1.903089987	0	0	1	0	0	43.25722222	-110.0241667	3.886998046	2.46834733
124	C	0	0	0	0	1	0	0	0	0	0	0	0	0	9/25/1996	2.695481676	3.046104787	4.768171743	0.982271233	1.08278537	0.77815125	1.707570176	2.544068044	0.041392685	0.041392685	0.477121255	0.342422681	0.991226076	0.082263361	0	0	0	0	0	0	0.04664168	0.195673353	1.736527851	0.041760453	1.50945581	1.169280601	0.013013365	0.001199279	0.001199279	0.073818113	0.074661639	5	1	0	2.181843588	0	0	1	0	0	42.34569444	-110.872775	3.827692289	2.230448921
126	C	0	0	1	0	0	0	0	0	0	0	0	0	0	9/14/1994	2.671172843	2.987666265	4.698726731	0.944482672	0.919078092	0.77815125	1.041392685	2.257678575	0.079181246	0.041392685	1.62324929	0.86923172	1.025305865	0	0	0.352808613	0	0	0	0.352808613	0	0	1.576176268	0	1.773787436	0.54626899	0	0	0.352808613	0.082381158	0.286521421	1	1	0	1.903089987	0	0	1	0	0	44.86944444	-110.3836111	3.835056102	1.130333768
127	C	0	0	0	0	1	0	0	0	0	0	0	0	0	9/26/1996	2.715167358	2.931457871	4.817446368	0.977723605	0.662757832	0.77815125	1.477121255	2.491361694	0.041392685	0.041392685	0.477121255	0.428134794	1.012837225	0.022466257	0	0	0	0	0	0	0.118637292	0.034462945	1.826135788	0	1.270474949	1.225175598	0.010754014	0	0	0.015105885	0.018801664	5	1	0	2.152288344	0	0	1	0	0	42.28777778	-110.5747222	3.896526217	1.390935114
129	C	0	0	1	0	0	0	0	0	0	0	0	0	0	9/17/1996	2.849419414	3.089198367	4.679300679	0.908485019	0.806179974	0.77815125	1.079181246	1.968482949	0.041392685	0.041392685	0.477121255	0.301029996	1.033423755	0.016503133	0.036839692	0	0	0	0	0	0.905147643	0.143327015	1.616169928	0.021105378	1.443613548	1.419752866	0	0	0	0	0.005571015	2	1	0	1.602059991	0	0	1	0	0	44.16055556	-109.6208333	3.811575006	1.217483944
130	C	0	0	1	0	0	0	0	0	0	0	0	0	0	9/17/1996	2.806179974	3.068556895	4.727533124	0.949390007	0.851258349	0.77815125	1.041392685	1.963787827	0.041392685	0.041392685	0.477121255	0.342422681	1.008600172	0	0.106207301	0	0	0	0	0	0.975320073	0.106751571	1.665864324	0.004841375	1.374725221	1.37927944	0	0	0	0	0.003463623	2	1	0	1.653212514	0	0	1	0	0	44.1275	-109.6438889	3.818225894	1.315970361
134	C	1	0	0	0	0	0	0	0	0	1	0	0	0	9/27/1996	2.747411808	2.968482949	4.661377227	0.954242509	0.785329835	0.77815125	1.041392685	1.568201724	0.041392685	0.041392685	0.477121255	0.428134794	1.033423755	0.381097624	0.020379237	0	0	0	0	0	0.51854766	0.820450394	1.611669013	0.050668917	1.437597499	1.30613018	0.101578809	0	0	0.403388741	0.622493521	1	1	0	1.414973348	0	0	1	0	0	42.53305556	-109.2055556	3.90227492	1.324282463
136	C	0	0	1	0	0	0	0	0	0	0	0	0	0	9/19/1996	2.71432976	3.066325925	4.676812453	0.84509804	0.954242509	0.77815125	1.041392685	2.167317335	0.041392685	0.041392685	0.602059991	0.352182518	1.096910013	0	0	0	0	0	0	0	0.090250383	0.034035253	1.895320435	0	1.159083096	0.985968004	0	0	0	0	0	2	1	0	1.857332496	0	0	1	0	0	44.46055556	-109.8616667	3.813580989	0.544068044
137	C	0	0	1	0	0	0	0	0	0	0	0	0	0	9/19/1996	2.700703717	3.056523724	4.68999218	0.954242509	0.740362689	0.77815125	1.041392685	2.100370545	0.041392685	0.041392685	0.477121255	0.146128036	1.130333768	0	0	0	0	0	0	0	0.77755025	0.111285272	1.759681632	0	1.478670398	1.004630951	0	0	0	0	0	2	1	0	1.716003344	0	0	1	0	0	44.47305556	-109.8963889	3.8162413	0.643452686
138	C	0	0	0	0	1	0	0	0	0	0	0	0	0	9/28/1996	2.539076099	3.004321374	4.753046562	0.973127854	1.10720997	0.77815125	1.491361694	2.559906625	0.041392685	0.041392685	0.477121255	0.357934847	0.913813852	0	0	0	0	0	0	0	0.076558465	0.060050951	1.795409502	0.011201111	1.448106359	1.049496346	0.010902146	0.005787998	0.005787998	0.180954302	0.138735167	5	1	0	2.187520721	0	0	1	0	0	42.40305556	-110.5605556	3.891537458	1.70243055
140	C	0	0	1	0	0	0	0	0	0	0	0	0	0	9/19/1996	2.622214023	3.022840611	4.824574872	0.944482672	0.77815125	0.77815125	1.041392685	2.012837225	0.041392685	0.041392685	0.477121255	0.190331698	1.176091259	0	0.006236067	0.227109	0	0	0	0.227109	0.396319168	0.124713233	1.858870684	0.005350663	1.147307974	1.14503292	0.011073778	0	0.227109	0.042695475	0.031575058	2	1	0	1.662757832	0	0	1	0	0	44.49222222	-109.9958333	3.840106094	1.541579234
145	C	0	0	1	0	0	0	0	0	0	0	0	0	0	9/20/1996	2.874481818	3.104828404	4.588977212	0.959041392	0.740362689	0.77815125	1.041392685	1.959041392	0.041392685	0.041392685	0.477121255	0.230448921	1.130333768	0	0.071477074	0	0	0	0	0	0.999363498	0.02873512	1.776333926	0.003791995	1.237982475	1.222882695	0	0	0	0.002279168	0	2	1	0	1.73239376	0	0	1	0	0	44.46305556	-109.6708333	3.781036939	1.267171728
146	C	0	0	0	0	1	0	0	0	0	0	0	0	0	10/5/1995	2.715167358	2.987666265	4.779488265	0.968482949	0.977723605	0.77815125	1.041392685	2.521138084	0.041392685	0.041392685	0.903089987	0.763427994	0.919078092	0.005418734	0	0	0	0	0	0	0	0.176539678	1.763083131	0	1.450604822	1.169044638	0	0	0	0.404664499	0.004851514	5	1	0	2.164352856	0	0	1	0	0	42.20944444	-110.7322222	3.889861721	1.708420887
147	C	0	0	0	0	1	0	0	0	0	0	0	0	0	8/31/1994	2.658011397	2.984527313	4.945025201	0.982271233	1.086359831	0.77815125	1.176091259	2.294466226	0.041392685	0.041392685	0.477121255	0.176091259	0.995635195	0.068009298	0.069143104	0.007633448	0	0	0	0.007633448	0.3297405	0.099955384	1.70700682	0.067441283	1.541192091	1.138146563	0.038353426	0.000398141	0.008024655	0.25918408	0.235330877	2	1	0	1.77085201	0	0	1	0	0	43.85472222	-110.2383333	3.838849091	2.353339107
180	C	1	0	0	0	0	0	0	0	0	1	0	0	0	10/1/1996	2.469822016	3.041392685	4.487647348	0.982271233	0.959041392	0.77815125	1.812913357	2.692846919	0.041392685	0.041392685	0.77815125	0.447158031	1.025305865	0.043400704	0.002233604	0	0	0	0	0	0.110374227	0.290028971	1.529657309	0.029040771	1.687878935	0.901886147	0.788999553	0	0	0.624355766	0.561575371	1	1	0	2.346352974	0	0	1	0	0	42.50611111	-110.2777778	3.855821905	2.113943352
181	C	1	0	0	0	0	0	0	0	0	1	0	0	0	9/27/1996	2.7084209	2.979092901	4.646276262	0.959041392	0.929418926	0.77815125	1.041392685	1.69019608	0.041392685	0.041392685	0.477121255	0.326335861	1.029383778	0.229558091	0.011274648	0	0	0	0	0	0.324546331	0.935520641	1.636858423	0.102858819	1.54005359	1.132732906	0.085310845	0	0	0.219616863	0.258519839	1	1	0	1.447158031	0	0	1	0	0	42.5725	-109.2911111	3.892428547	1.988112854
183	C	0	0	1	0	0	0	0	0	0	0	0	0	0	9/19/1996	2.622214023	3.022840611	4.824574872	0.892094603	0.77815125	0.77815125	1.041392685	1.982271233	0.041392685	0.041392685	0.477121255	0.204119983	1.146128036	0	0.006189533	0.230779347	0	0	0	0.230779347	0.394361324	0.125568344	1.858640746	0.005310696	1.149757088	1.143530692	0.010991599	0	0.230779347	0.04359968	0.031346121	2	1	0	1.643452676	0	0	1	0	0	44.49277778	-109.9933333	3.840106094	1.542825446
187	C	0	0	0	0	0	0	0	0	0	0	0	1	0	10/17/1995	2.978180517	3.173768823	4.590897539	0.968482949	0.949390007	0.77815125	3.30920418	3.3232521	0.181843588	0.11058971	1.531478917	0.84509804	1.049218023	0.01506167	0	0.263410201	0.084136728	0.007596125	0	0.315017084	0.478584571	0	0.038069936	0	1.481406423	1.828838901	0.090404617	0.115965012	0.375028086	0.085106926	0.120008041	5	2	0	2.380211242	0	0	0	1	0	44.43888889	-105.4591667	3.611723308	1.687528968
191	C	0	0	0	0	0	0	0	0	0	0	0	1	0	10/26/1995	2.91750551	3.198106999	4.532754379	0.973127854	0.812913357	1.041392685	3.087071206	3.272073788	0.041392685	0.041392685	0.477121255	0.763427994	1.096910013	0.018918002	0	0.13778819	0.057274759	0.001924633	0	0.181496263	0.088122634	0.047938785	1.220125531	0	1.511207229	1.70714255	0.232496676	0.063808999	0.224546714	0.274580288	0.12935985	5	2	0	2.342422681	0	0	0	1	0	44.48611111	-106.1341667	3.572871602	2.98699554
203	C	1	0	0	0	0	0	0	0	0	1	0	0	0	9/12/1995	2.943494516	3.183554534	4.561137176	0.977723605	1.283301229	0.77815125	1.62324929	2.624282096	0.041392685	0.041392685	0.653212514	0.90579588	1.021189299	0.019050842	0	0.310780284	0.084301521	0.017967225	0.000972653	0.362505478	0.077470375	0.15928834	1.614940189	0	1.36683474	1.455960558	0.549265417	0.401627798	0.582681514	0.595185904	0.292830808	5	1	0	2.290034611	0	0	0	1	0	44.90649722	-107.0116278	3.561101384	2.931966115
204	C	1	0	0	0	0	0	0	0	0	1	0	0	0	10/25/1995	2.934498451	3.171141151	4.648096426	0.959041392	0.819543936	0.77815125	2.892094603	2.803457116	0.041392685	0.041392685	0.477121255	0.556302501	1.086359831	0.027392239	0	0	0	0	0	0	0.005568116	0.055406763	1.733856673	0	1.302631175	1.291617879	0.329860762	0.426104034	0.426104034	0.71128547	0.478570769	1	1	0	2.301029996	0	0	0	1	0	44.8425	-107.1891667	3.602059991	1.739572357
220	C	0	1	0	0	0	1	0	0	0	0	0	0	0	9/4/1996	2.672097858	3.006466042	4.940317222	0.968482949	1.025305865	0.77815125	1.041392685	1.86923172	0.041392685	0.041392685	0.477121255	0.170261715	0.959041392	0	0	0	0	0	0	0	0	0.698084291	1.810684276	0	1.240142248	1.110069258	0.494466434	0	0	0.470184287	0	1	1	0	1.602059991	0	0	0	0	0	41.00472222	-106.8147222	3.922725458	1.428134782
221	C	0	0	0	0	0	0	0	0	0	0	0	0	1	8/27/1996	2.880813592	3.085647288	4.797641413	0.968482949	1.274157849	1.954242509	1.178976947	2.6599162	0.041392685	0.041392685	0.477121255	0.397940009	0.930439595	0	0	0	0	0	0	0	0	1.191935457	1.769799176	0.093928775	1.284646301	0.783938071	0.577107884	0	0	0.347791232	0	5	1	0	2.342422681	0	0	0	0	0	41.25916667	-107.2325	3.871572936	0.56820173
222	C	0	0	0	0	0	0	1	0	0	0	0	0	0	9/5/1996	2.741151599	3.033021445	4.809721283	0.949390007	1.178976947	0.77815125	1.041392685	1.934498451	0.041392685	0.041392685	0.477121255	0.240549248	0.924279286	0.11500138	0	0	0	0	0	0	0.286515167	0.69138033	1.872519053	0.017123759	0.924271289	1.15277061	0.006666201	0	0	0.18877954	0.029851249	1	1	0	1.653212514	0	0	0	0	0	41.26305556	-107.9563889	3.895698727	0.924279266
230	C	0	0	0	0	0	0	1	0	0	0	0	0	0	8/29/1996	2.840733235	3.103461622	4.631900147	0.959041392	1.29666519	0.77815125	1.041392685	1.792391689	0.041392685	0.041392685	0.477121255	0.184691431	0.938019097	0.015721429	0	0	0	0	0	0	0.067308757	0.825146754	1.783651917	0.031957279	1.46626089	0.744290064	0.199663627	0	0	0.248124096	0.04348929	1	1	0	1.602059991	0	0	0	0	0	41.18277778	-106.7938889	3.859738566	2.152288344
231	C	1	0	0	0	0	0	0	0	0	0	0	0	1	8/29/1996	2.856124444	3.101747074	4.58336883	0.968482949	1.250420002	0.77815125	1.08278537	2.311753861	0.041392685	0.041392685	0.477121255	0.383815366	0.977723605	0.137873807	0.000924202	0.115995484	0.011349149	0.000594355	0	0.125157009	0.080563683	0.728381392	1.787881643	0.064401836	1.40457202	0.869393115	0.396412686	0	0.125157009	0.289366617	0.299083244	1	1	0	2	0	0	0	0	0	41.25944444	-106.5736111	3.852601969	3.314288661
233	C	0	0	0	0	0	0	1	0	0	0	0	0	0	8/28/1996	2.683947131	3.007320953	4.901491015	0.954242509	1.025305865	0.77815125	1.041392685	2.021189299	0.041392685	0.041392685	0.477121255	0.127104798	0.977723605	0.013639595	0	0.027731294	0	0	0	0.027731294	0.087544684	0.76885356	1.932541852	0	0.180944446	0.910071286	0	0	0.027731294	0.481624137	0.180335038	1	1	0	1.698970004	0	0	0	0	0	41.15972222	-105.8905556	3.923244019	1.240549239
234	C	0	0	0	0	0	0	1	0	0	0	0	0	0	8/27/1996	2.749736316	2.99343623	4.934710497	0.892094603	1.127104798	0.77815125	1.041392685	2.033423755	0.041392685	0.041392685	0.477121255	0.380211242	0.948412966	0.021421898	0	0	0	0	0	0	0.041836629	0.642235741	1.938020554	0.014840356	0.562456022	0.923845117	0.006808544	0	0	0.213568622	0.013511993	1	1	0	1.77815125	0	0	0	0	0	41.28444444	-107.1191667	3.922725458	0.991226084
235	C	0	1	0	0	0	1	0	0	0	0	0	0	0	9/11/1996	2.733999287	3.002166062	4.74666533	0.919078092	1.086359831	0.77815125	1.041392685	1.633468456	0.041392685	0.041392685	0.477121255	0.283301229	0.959041392	0.326019769	0	0	0	0	0	0	0.625833596	0.750467758	1.756527791	0.060094604	0.047596991	1.481953764	0.007789592	0	0	0.647130248	0.460268271	1	1	0	1.477121255	0	0	0	0	0	41.52555556	-106.3911111	3.918135226	1.457881908
236	C	0	0	0	0	0	0	1	0	0	0	0	0	0	8/28/1996	2.683947131	3.007320953	4.901491015	0.949390007	1.064457989	0.77815125	1.041392685	2.025305865	0.041392685	0.041392685	0.477121255	0.127104798	0.968482949	0.013671945	0	0.027796013	0	0	0	0.027796013	0.087735662	0.767828527	1.932721497	0	0.167670316	0.910987949	0	0	0.027796013	0.482324727	0.180690455	1	1	0	1.77815125	0	0	0	0	0	41.15944444	-106.8922222	3.9240207	1.238046084
237	C	0	1	0	0	0	1	0	0	0	0	0	0	0	8/29/1996	2.679427897	2.999565488	4.815305399	0.973127854	1.209515015	0.77815125	1.041392685	2.173186268	0.041392685	0.041392685	0.477121255	0.170261715	0.968482949	0.172743498	0.01372463	0.157767398	0.030292106	0.008872615	0	0.184949236	0.469555973	0.85428142	1.845551617	0.102836342	0.157767398	1.315869941	0.028430356	0	0.184949236	0.268977835	0.161903272	1	1	0	1.903089987	0	0	0	0	0	41.2425	-106.4538889	3.904011884	1.45484486
238	C	0	0	0	0	0	1	1	0	0	0	0	0	0	8/28/1996	2.800029359	3.086359831	4.741813177	0.913813852	1.195899652	0.77815125	1.041392685	1.716003344	0.041392685	0.041392685	0.477121255	0.212187604	0.924279286	0.317794318	0	0	0	0	0	0	0.016636646	0.631001723	1.918842592	0.118523328	0.80596113	0.926545118	0.044164979	0	0	0.116697068	0.034137459	1	1	0	1.477121255	0	0	0	0	0	41.12638889	-106.7872222	3.86923172	2.037426498
248	C	1	0	0	0	0	0	0	0	0	1	0	0	0	10/3/1996	2.383815366	2.984527313	4.632548393	0.968482949	1.008600172	0.77815125	2.079181246	2.602059991	0.414973348	0.041392685	0.477121255	0.301029996	0.973127854	0.28960669	0.224921255	0.030690579	0.000308638	0	0	0.030978166	0.539021022	0.732777512	1.512504786	0.073346364	1.532928616	1.326315667	0.027775226	0.000493715	0.031437909	0.441225089	0.745288725	1	1	0	2.008600172	0	0	0	0	0	43.07472222	-110.0780556	3.878234469	2.656098202
250	C	1	0	0	0	0	0	0	0	0	1	0	0	0	9/30/1996	2.45484486	3.065579715	4.32358208	0.968482949	0.995635195	0.77815125	1.954242509	2.613841822	0.041392685	0.041392685	0.602059991	0.488550717	0.982271233	0.132836346	0.093478319	0.101960308	0.004154722	0.0000983	0	0.105326122	0.290740767	0.547428072	1.355405039	0.040836082	1.694859753	0.968791788	0.918523157	0.000960638	0.106080062	0.565524284	0.907225455	1	1	0	2.133538908	0	0	0	0	0	42.57055556	-109.9483333	3.832955751	3.09482038
251	C	1	0	0	0	0	0	0	0	0	1	0	0	0	9/30/1996	2.465382851	3.06669855	4.359000227	0.973127854	1.064457989	0.77815125	1	2.311753861	0.041392685	0.041392685	0.477121255	0.357934847	0.977723605	0.623323904	0.029778184	0.177316503	0.023668169	0.004815147	0.000251456	0.196445994	0.213308578	0.527794979	1.234665862	0.092581536	1.783540916	0.949610908	0.82807391	0.000869002	0.196999004	0.335607076	0.504460621	1	1	0	2	0	0	0	0	0	42.58444444	-109.9202778	3.834738519	3.088844563
253	C	0	0	0	0	0	0	1	0	0	0	0	0	0	9/12/1996	2.847572659	3.099680641	4.521425774	1.004321374	1.204119983	0.77815125	1.26245109	2.434568904	0.041392685	0.041392685	0.477121255	0.361727836	0.949390007	0.076652826	0	0.212384722	0.032563346	0.000586674	0	0.232984486	0.210291673	0.519036331	1.649608595	0.09240551	1.526252403	0.933061057	0.655582884	0	0.232984486	0.671706193	0.772297041	1	1	0	2.113943352	0	0	0	0	0	41.29971944	-105.9941556	3.875292825	2.225309282
267	C	0	0	0	0	0	0	0	0	0	0	1	0	0	10/11/1996	2.975431809	3.158663981	4.614443711	0.959041392	1.021189299	0.77815125	1.531478917	2.604226053	0.505149978	0.041392685	0.698970004	0.763427994	1.071882007	0.016821253	0	0.212968554	0.000765007	0	0	0.213437201	0.037533259	0.004721466	0.802638655	0	1.556149337	1.762502911	0.009991182	0	0.213437201	0.198959377	0.381714477	1	1	0	2.255272505	0	0	0	0	1	41.4225	-105.1866667	3.812244697	1.949390007
282	C	0	0	1	0	0	0	0	0	0	0	0	0	0	9/10/1997	2.88592634	3.115610512	4.517275093	0.959041392	1.079181246	0.77815125	1.041392685	1.986771734	0.041392685	0.049218023	0.477121255	0.505149978	1.049218023	0.000700046	0.168961559	0	0	0	0	0	0.782149622	0.093211903	1.75272819	0.021193303	1.293556401	1.316827966	0.006398254	0	0	0.059366469	0.01215894	2	1	0	1.707570176	0	0	1	0	0	44.46472222	-109.6277778	3.773786445	2.030599734
284	C	0	0	1	0	0	0	0	0	0	0	0	0	0	9/9/1997	2.680335513	3.051923916	4.715058561	0.959041392	0.991226076	0.77815125	1.041392685	1.991226076	0.041392685	0.041392685	0.62324929	0.447158031	1.10720997	0	0.002003253	0	0	0	0	0	0.978724805	0.025821357	1.774567329	0.002502626	1.367861604	1.048732095	0	0	0	0.100391739	0.051086704	2	1	0	1.72427587	0	0	1	0	0	44.495	-109.9330556	3.823474229	1.478566501
294	C	0	0	1	0	0	0	0	0	0	0	0	0	0	9/9/1997	2.633468456	3.044147621	4.770513277	0.973127854	1.041392685	0.77815125	1.041392685	1.934498451	0.041392685	0.041392685	0.477121255	0.397940009	1.10720997	0.007965361	0.029657709	0.079009299	0.000730191	0	0	0.079618117	0.673593408	0.043287878	1.558853392	0.023074952	1.621690229	1.310541836	0.006630769	0	0.079618117	0.060154435	0.066560634	2	1	0	1.653212514	0	0	1	0	0	44.50305556	-109.9605556	3.824776462	2.050766317
299	C	0	0	0	0	0	0	0	0	0	0	0	0	1	8/14/1997	2.810904281	3.043755127	4.874603565	0.908485019	1.079181246	0.77815125	1.041392685	2.240549248	0.041392685	0.041392685	0.477121255	0.431363764	1.008600172	0	0	0	0	0	0	0	0	0.730992465	1.897077155	0.047843486	1.126608267	0.77538059	0.027088514	0	0	0.057277607	0.020790447	1	1	0	1.954242509	0	0	0	0	0	41.26972222	-107.1991667	3.892094603	1.02938377
300	C	0	0	0	0	0	0	0	0	0	0	0	0	1	8/13/1997	2.926342447	3.092018471	4.714312991	0.973127854	1.301029996	0.77815125	1.278753601	2.635483747	0.041392685	0.041392685	1.176091259	1.255272505	0.991226076	0.003218978	0	0	0	0	0	0	0	0.212072574	0.764288353	0.003218978	1.961794919	0.598306023	0	0	0	0.034534017	0.28260383	5	1	0	2.204119983	0	0	0	0	0	41.44277778	-107.4483333	3.857332496	1.164352867
312	C	0	0	0	0	1	0	0	0	0	0	0	0	0	9/10/1997	2.760422483	3.062957834	4.753452828	0.929418926	1.152288344	0.77815125	1.041392685	1.462397998	0.041392685	0.041392685	0.477121255	0.181843588	0.977723605	0.419032157	0.060408722	0	0	0	0	0	0.327220472	0.631407353	1.700569532	0.067667506	1.409886455	1.3099595	0.054209412	0	0	0.072386217	0.017976549	1	1	0	1.397940009	0	0	1	0	0	42.72972222	-108.8588889	3.852479994	1.884228761
317	C	0	1	0	1	0	0	0	0	0	0	0	0	0	9/12/1997	2.699837726	2.812913357	4.81580347	0.934498451	0.892094603	0.77815125	1.041392685	1.72427587	0.041392685	0.041392685	0.477121255	0.602059991	0.986771734	0	0	0.184411195	0	0.068492779	0	0.230408094	0	0.088466616	1.765371622	0	1.333201944	1.338393256	0	0	0.230408094	0.170090924	0	1	1	1	1.544068044	1	0	0	0	0	44.10694444	-107.09	3.94792362	0.963787818
322	C	0	0	0	0	1	0	0	0	0	0	0	0	0	9/17/1997	2.596597096	3.024074987	4.696478708	0.982271233	1.136720567	0.77815125	2	2.688419822	0.041392685	0.041392685	0.903089987	0.579783597	0.939519253	0	0	0	0	0	0	0	0	0.117540015	1.61349898	0	1.719264081	0.963064251	0	0	0	0.01913501	0	5	1	0	2.311753861	0	0	1	0	0	42.28861111	-110.4286111	3.86332286	0.819543929
337	C	0	0	0	0	0	0	0	0	1	0	0	0	0	10/3/1997	2.999565488	3.172602931	4.705350463	0.939519253	1.08278537	1.113943352	3.068556895	3.353339095	0.301029996	0.041392685	0.84509804	0.662757832	0.934498451	0	0	0.090668155	0.016183827	0.001888087	0	0.105335612	0.009094777	0.194212669	1.661048261	0	1.412170211	1.468289476	0.026223503	0	0.105335612	0.233831967	0.119523845	5	3	0	2.418301291	0	0	0	1	0	44.54833333	-104.1313889	3.553883027	1.745855201
355	C	0	0	0	0	1	0	0	0	0	0	0	0	0	10/16/1997	2.776701184	3.028977705	4.877503803	0.954242509	0.633468456	0.77815125	1.806179974	2.544068044	0.041392685	0.041392685	0.477121255	0.278753601	1.049218023	0	0	0	0	0	0	0	0	0.456914949	1.790720581	0.184177622	1.520090184	0.75446041	0.012794046	0	0	0.006444135	0	5	1	0	2.301029996	0	0	1	0	0	42.845	-110.8788889	3.816903839	1.152288339
357	C	0	1	0	0	0	0	0	1	0	0	0	0	0	10/16/1997	2.970811611	3.159266331	4.508395033	0.977723605	0.84509804	0.77815125	1.113943352	2.428134794	0.041392685	0.041392685	0.698970004	0.146128036	1.071882007	0	0	0	0	0	0	0	0.010192941	0.01270423	1.325227596	0	1.481912053	1.706622053	0	0	0	0.131567597	0.08820961	5	1	0	2.204119983	1	0	0	0	0	43.6025	-106.905	3.712649702	1.960946203
358	C	0	0	0	0	0	0	1	0	0	0	0	0	0	10/16/1997	2.667452953	3.019946682	4.719322999	0.939519253	0.903089987	0.77815125	1.041392685	1.763427994	0.041392685	0.041392685	0.903089987	0.447158031	1.004321374	0.280719113	0	0.073137373	0.003268415	0	0	0.075900829	0.022004533	0.687274096	1.934874125	0.044608762	0.43696483	0.875861378	0.006253786	0	0.075900829	0.353651263	0.106426231	1	1	0	1.698970004	0	0	0	0	0	41.07583333	-106.3022222	3.915927212	1.879669223
359	C	0	1	0	0	0	0	0	1	0	0	0	0	0	10/16/1997	2.970811611	3.159266331	4.508395033	0.977723605	0.838849091	0.77815125	1.079181246	2.436162647	0.041392685	0.041392685	0.698970004	0.146128036	1.079181246	0	0	0	0	0	0	0	0.010192941	0.01270423	1.325227596	0	1.481912053	1.706622053	0	0	0	0.131567597	0.08820961	5	1	0	2.204119983	1	0	0	0	0	43.60138889	-106.9094444	3.713490543	1.960470792
360	C	0	1	0	0	0	1	0	0	0	0	0	0	0	10/22/1997	2.63748973	3.037426498	4.737375549	0.944482672	0.653212514	0.77815125	1.041392685	2.309630167	0.041392685	0.041392685	0.954242509	0.414973348	1.012837225	0.032471984	0	0.253310007	0.260772082	0.008899333	0	0.420867323	0	1.05067223	1.865162757	0.944217455	0.830315761	0.272930836	0	0	0.420867323	0.36253531	0	1	1	0	2.204119983	0	0	1	0	0	41.03005	-110.4742639	3.827692289	2.230448921
361	C	1	0	0	0	0	0	0	0	0	0	0	0	1	10/20/1997	2.90579588	3.12904506	4.411804831	9999	9999	9999	9999	9999	9999	9999	9999	9999	9999	0.093234144	0.000285084	0.226073411	0.045896034	0.004750647	0.000162928	0.256669212	0.055529203	0.628472588	1.54953213	0.044234265	1.653960845	0.935514309	0.847935146	0.032637712	0.275045218	0.403857985	0.424969781	2	1	0	2.149219	0	0	0	0	0	41.58888889	-106.9594444	3.820792381	3.518777069
364	C	0	0	0	0	0	0	0	0	1	0	0	0	0	10/21/1997	2.996949248	3.105510185	4.838609848	0.95568775	1.037426498	0.77815125	1.477121255	2.411619706	0.041392685	0.041392685	0.301029996	0.041392685	1.029383778	0	0	0	0	0	0	0	0	0.238902638	1.961908844	0.906829276	0.296547689	0.186018809	0.023984809	0	0	0	0.010155122	2	1	0	2.096910013	0	1	0	0	0	44.41305556	-104.0958333	3.700703717	0.919078102
367	C	0	0	0	0	1	0	0	0	0	0	0	0	0	9/17/1997	2.534026106	3.001733713	4.753590718	0.982271233	1.149219113	0.77815125	1.414973348	2.480006943	0.041392685	0.041392685	0.477121255	0.342422681	0.934498451	0	0	0	0	0	0	0	0.076691527	0.060157275	1.796169868	0.011222077	1.446488584	1.049204416	0.010922559	0.005798899	0.005798899	0.181234803	0.138960278	5	1	0	2.204119983	0	0	1	0	0	42.40638889	-110.5608333	3.892094603	1.699837713
368	C	0	0	1	0	0	0	0	0	0	0	0	0	0	8/26/1997	2.609594409	3	4.658154547	0.973127854	1.167317335	0.77815125	1.041392685	2.294466226	0.041392685	0.041392685	0.477121255	0.301029996	0.986771734	0.029631093	0	0	0	0	0	0	0.425922732	0.022701821	1.872807618	0	1.230379648	0.957165617	0	0	0	0.125839362	0.080393898	2	1	0	2.079181246	0	0	1	0	0	44.91777778	-110.1105556	3.837588438	1.466867609
379	C	0	0	0	0	0	0	0	0	1	0	0	0	0	10/2/1997	2.843232778	3.090258053	4.769620994	0.963787827	1.079181246	0.77815125	1.041392685	2.580924976	0.041392685	0.041392685	0.903089987	0.505149978	1.017033339	0	0	0.194202044	0.059904678	0	0	0.233447103	0	0.147691416	1.952021862	0.014358387	0.603249952	0.917322126	0.002184255	0	0.233447103	0	0.011168888	5	3	0	2.397940009	0	1	0	0	0	44.25277778	-104.1783333	3.733999287	1.69019608
381	C	0	0	0	0	0	0	0	0	1	0	0	0	0	10/15/1997	2.905256049	3.054613055	4.823448145	0.949390007	0.653212514	0.77815125	1.204119983	2.372912003	0.041392685	0.041392685	0.301029996	0.342422681	1.053078443	0	0	0	0	0	0	0	0	0	1.941912183	1.110921911	0.338507791	0	0	0	0	0	0.155088312	2	1	0	2.113943352	0	1	0	0	0	44.36861111	-104.0869444	3.766412847	0.255272505
391	C	0	0	0	0	0	1	1	0	0	0	0	0	1	10/6/1997	2.915927212	3.072617477	4.659298055	1	1.127104798	0.77815125	1.041392685	2.416640507	0.041392685	0.041392685	0.477121255	0.531478917	1.004321374	0.001747631	0	0	0	0	0	0	0	0.036643209	0.723833506	0	1.886070625	1.231186868	0.004355962	0	0	0.319174287	0.551871447	5	1	0	2.204119983	0	0	0	0	0	42.52916667	-106.2472222	3.843232778	1.583198765
632	C	0	1	0	1	0	0	0	0	0	0	0	0	0	8/5/1998	2.748962861	2.906873535	4.850241767	0.939519253	1.089905111	0.77815125	1.041392685	1.584331224	0.041392685	0.041392685	0.477121255	0.414973348	0.949390007	0	0	0	0	0	0	0	0	0.022478211	1.939090344	0	1.154465331	0.245857708	0	0	0	0	0	1	1	0	1.477121255	1	0	0	0	0	44.75787222	-107.4363306	3.903089987	0.49136168
638	C	0	1	0	0	0	1	0	0	0	0	0	0	0	9/28/1998	3.009025742	3.133219457	4.586069443	0.954242509	1.130333768	1.832508913	1.748188027	1.763427994	0.041392685	0.041392685	0.84509804	0.342422681	1.008600172	0	0	0	0	0	0	0	0	0.260871245	1.80211156	0	1.326633677	1.21419636	0.084244556	0	0	0.294291265	0	1	1	0	1.77815125	1	0	0	0	0	44.36444167	-106.8136472	3.730782276	1.161368002
639	C	1	1	0	0	0	0	0	0	0	1	0	0	0	10/2/1998	2.976808337	3.15075644	4.603631462	0.986771734	1.120573931	0.77815125	1.707570176	2.604226053	0.041392685	0.041392685	0.602059991	0.342422681	1.025305865	0	0	0	0	0	0	0	0	0.622407262	1.690152292	0	1.295888822	1.385989715	0.65195529	0.241604696	0.241604696	0.452295212	0.220743951	5	1	0	1.903089987	1	0	0	0	0	44.52911667	-106.8189528	3.668385917	1.326335877
645	C	0	1	0	1	0	0	0	0	0	0	0	0	0	9/18/1998	2.799340549	2.988558957	4.655138435	0.929418926	1.056904851	0.77815125	1.041392685	1.683047038	0.041392685	0.041392685	0.477121255	0.301029996	0.982271233	0.291301411	0.00278042	0	0	0	0	0	0.072293972	0.220174153	1.600731491	0	1.36236334	1.581642158	0	0	0	0.045506936	0.004992009	1	1	1	1.602059991	1	0	0	0	0	44.32090833	-106.9505861	3.864511081	1.413299758
646	C	0	1	0	1	0	0	0	0	0	0	0	0	0	9/18/1998	2.799340549	2.988558957	4.655138435	0.934498451	1.056904851	0.77815125	1.041392685	1.681241237	0.041392685	0.041392685	0.477121255	0.298853076	0.986771734	0.277144884	0.002598489	0	0	0	0	0	0.067901127	0.212220509	1.604766888	0	1.352896514	1.583222713	0	0	0	0.070124475	0.015865562	1	1	1	1.477121255	1	0	0	0	0	44.32104722	-106.9506028	3.864511081	1.421603921
652	C	0	1	0	1	0	0	0	0	0	0	0	0	0	9/15/1998	2.767155866	2.947433722	4.696819273	0.954242509	1.103803721	0.77815125	1.041392685	1.859738566	0.041392685	0.041392685	0.477121255	0.602059991	0.977723605	0	0	0.376227748	0.096961366	0	0	0.419664172	0	0.617766951	1.909736633	0	0.916918777	0.933806109	0.011692575	0	0.419664172	0.009765543	0.039616736	1	1	1	1.740362689	1	0	0	0	0	44.18931389	-106.9247417	3.90579588	0.903089987
653	C	0	1	0	1	0	0	0	0	0	0	0	0	0	9/15/1998	2.765668555	2.930949031	4.712287639	0.919078092	1.089905111	0.77815125	1.041392685	1.859738566	0.041392685	0.041392685	0.477121255	0.447158031	0.995635195	0	0	0	0	0	0	0	0	0.530693574	1.917747175	0	0.985520182	0.913179121	0	0	0	0	0	1	1	1	1.698970004	1	0	0	0	0	44.19956667	-106.9415694	3.914871818	0.812913357
657	C	0	1	0	1	0	0	0	0	0	0	0	0	0	9/30/1998	2.683947131	2.889861721	4.834516073	0.949390007	0.963787827	0.77815125	1.041392685	1.31386722	0.041392685	0.041392685	0.477121255	0.178976947	0.995635195	0.462079981	0.247112302	0	0	0	0	0	0.130693524	0.227197637	1.675088122	0	1.163416626	1.572076745	0	0	0	0.030311914	0	1	1	1	1.477121255	1	0	0	0	0	44.45150556	-107.0479667	3.940765436	1.453318334
679	C	0	0	0	0	0	0	0	0	1	0	0	0	0	9/10/1998	2.957607287	3.064457989	4.869501603	0.942504106	1.271841607	0.77815125	1.041392685	2.155336037	0.041392685	0.041392685	0.77815125	0.544068044	0.966141733	0	0	0	0	0	0	0	0	0.702297948	1.876173414	0	1.216470421	0.842705227	0	0	0	0	0.129094696	2	1	0	1.903089987	0	1	0	0	0	44.505	-104.4324111	3.757396029	0.176091259
685	C	1	0	0	0	0	0	0	0	0	1	0	0	0	10/23/1998	2.911157609	3.162265614	4.446971865	0.968482949	0.86923172	0.77815125	1.579783597	2.463892989	0.041392685	0.041392685	0.84509804	0.394451681	1.04060234	0.260461804	0.007182855	0.114003467	0.006437941	0	0	0.118963495	0.091655259	0.692427289	1.551833596	0.029966178	1.711525253	0.950700256	0.064288876	0	0.118963495	0.305407994	0.149279528	1	1	0	2.113943352	0	0	1	0	0	42.69141667	-108.6638028	3.748188027	2.058046242
732	C	1	0	0	0	0	0	0	0	0	1	0	0	0	10/6/1998	2.968949681	3.155943018	4.672771877	0.929418926	0.924279286	0.77815125	1.041392685	2.67669361	0.041392685	0.041392685	0.477121255	0.342422681	1.079181246	0.29943139	0.13025294	0.062511191	0.016960607	0	0	0.077236174	0.140347641	0.358185102	1.822330771	0	1.072091001	1.314466635	0.137040363	0.042342874	0.11295568	0.144283413	0.030867922	5	2	0	2.414973348	0	0	0	1	0	44.61900833	-106.8431639	3.639486489	0.770852019
761	C	0	1	0	0	0	1	0	0	0	0	0	0	0	9/17/1998	2.672097858	3.006466042	4.940317222	0.959041392	1.193124598	0.77815125	1.041392685	1.852479994	0.041392685	0.041392685	0.477121255	0.136720567	0.992553518	0	0	0	0	0	0	0	0	0.765029573	1.851985932	0	1.128414656	1.009713878	0.395867	0	0	0.46311054	0	1	1	0	1.544068044	0	0	0	0	0	41.00703056	-106.816	3.922465945	1.429752274
829	C	0	1	0	0	1	0	0	0	0	0	0	0	0	9/28/1999	2.949877704	3.105169428	4.611298362	0.982271233	0.301029996	0.77815125	1.041392685	1.819543936	0.041392685	0.041392685	0.477121255	0.204119983	1.110926242	0.181474936	0.003441841	0.13438055	0.054276036	0.002782063	0	0.176723424	0.040210403	0.196948043	1.746795998	0	1.261145096	1.431192825	0	0	0.176723424	0.090598729	0.005677616	1	1	1	1.602059991	1	0	0	0	0	44.32327778	-106.825575	3.757396029	2.058805487
834	C	1	1	0	0	0	0	0	0	0	1	0	0	0	9/8/1999	2.92788341	3.149219113	4.678891512	0.986771734	1.041392685	0.77815125	1.041392685	2.532754379	0.041392685	0.041392685	0.84509804	0.130333768	1.059563418	0	0	0	0	0	0	0	0	0.178880411	1.63621997	0	1.511795328	1.274597028	0.101901147	0.065757899	0.065757899	0.920270476	0.062153475	5	1	0	2.267171728	1	0	0	0	0	44.77768611	-107.1762444	3.73239376	0.462398012
856	C	0	0	1	0	0	0	0	0	0	0	0	0	0	8/31/1999	2.611723308	2.993876915	4.819306983	0.968482949	1.049218023	0.77815125	1.041392685	1.924279286	0.041392685	0.041392685	0.477121255	0.086359831	1.015359755	0.014761452	0.039264519	0	0	0	0	0	0.3588268	0.060400527	1.827989641	0	1.242515025	1.221392523	0	0	0	0.005496975	0	1	1	0	1.77815125	0	0	1	0	0	44.51313889	-109.9732806	3.829946696	1.281033376
928	C	1	0	0	0	0	0	0	0	0	1	0	0	0	10/5/1999	2.44870632	3.023663918	4.476759192	0.932980822	1.103803721	0.77815125	1.041392685	2.401400541	0.041392685	0.041392685	0.477121255	0.173186268	1.033825694	0.569557165	0	0.107542213	0.000896338	0	0	0.1082421	0.00983917	0.775079519	1.383504698	0.072754794	1.7295428	0.291703845	1.048998414	0	0.1082421	0.397308365	0.639964926	1	1	0	2.204119983	0	0	0	0	0	42.90770556	-109.9238889	3.860338007	1.905256057
1007	C	0	1	0	0	1	0	0	0	0	0	0	0	0	9/12/2000	2.808885867	2.957607287	4.7998848	0.982271233	1.130333768	0.77815125	1.079181246	2.45484486	0.041392685	0.041392685	1.041392685	0.491361694	9999	0	0	0.448355546	0.119855468	0	0	0.49492637	0.017272354	0.01633059	1.548904807	0	1.606918707	1.383747403	0	0	0.49492637	0.208872203	0.056809526	1	1	0	2.344392274	1	0	0	0	0	44.57694444	-107.5452778	3.862191031	1.195899647
1029	C	0	0	0	0	0	0	0	0	0	0	0	0	1	10/3/2000	2.977723605	3.161667412	4.417753934	0.949390007	1.08278537	0.954242509	1.851258349	2.718501689	0.041392685	0.041392685	0.77815125	0.426511261	0.979548375	0	0	0	0	0	0	0	0.006291498	0.123644455	0.88941354	0.011612605	1.892342104	1.142085097	0.028045132	0	0	0.431864088	0.340917232	5	1	0	2.149219113	0	0	0	0	0	42.30210833	-106.9608139	3.763353109	1.222716466
1040	C	0	1	0	0	0	1	0	0	0	0	0	0	0	9/27/2000	2.563481085	2.816903839	4.932184477	0.924279286	0.886490725	0.77815125	1.041392685	1.707570176	0.041392685	0.041392685	0.477121255	0.519827994	0.980911938	0	0	0.122301751	0	0	0	0.122301751	0	0.817274057	1.911458896	0	0	0.967365951	0	0	0.122301751	0.782446205	0.085233957	3	1	0	1.322219295	0	0	0	0	0	41.213	-106.291925	3.984122083	0.447158024
1076	C	0	0	0	0	0	0	0	0	1	0	0	0	0	9/17/2001	2.820857989	3.045322979	4.807582378	0.973127854	1.049218023	0.77815125	1.041392685	2.63748973	0.041392685	0.041392685	0.477121255	0.423245874	9999	0	0	0	0	0	0	0	0	0	1.983133255	0.042931234	0.309425351	0.668974548	0	0	0	0	0	5	3	0	2.399673721	0	1	0	0	0	44.08166667	-104.0588889	3.782544284	1.056904837
1082	C	0	0	0	0	1	0	0	0	0	0	0	0	0	8/28/2001	2.725911632	3.021189299	4.728402485	0.969881644	0.875061263	0.77815125	1.176091259	2.181843588	0.041392685	0.041392685	0.477121255	0.079181246	1.039414119	0	0	0	0	0	0	0	0	0	1.899058833	0	1.001305277	1.13700673	0	0	0	0	0	2	1	0	1.819543936	0	0	1	0	0	44.71605278	-109.588375	3.834929096	3.840419778
1094	C	0	1	0	0	0	0	0	1	0	0	0	0	0	8/22/2001	2.985426474	3.148602655	4.475816413	0.982271233	1.170261715	0.77815125	1.176091259	2.488550717	0.041392685	0.041392685	0.477121255	0.301029996	0.986771734	0	0	0.073118342	0.001195855	0	0	0.074129114	0.050797562	0.057842233	1.676504489	0	1.549479972	1.288876506	0.004171166	0	0.074129114	0.053452723	0.017217531	5	1	0	2.149219113	1	0	0	0	0	44.98676944	-108.1009472	3.655234507	1.859138316
1119	C	0	1	0	0	0	1	0	0	0	0	0	0	0	9/13/2001	2.693726949	3	4.7478389	0.967079734	0.986771734	0.77815125	1.041392685	1.977723605	0.041392685	0.041392685	0.477121255	0.117271296	0.976808337	0.079149319	0	0	0	0	0	0	0.120263537	0.779523532	1.887592571	0.0801847	0.248079662	1.196187638	0.036256551	0	0	0.424977187	0.263674304	1	1	0	1.748188027	0	0	0	0	0	41.57673889	-106.2297361	3.894094427	1.77815125
1193	C	0	0	0	0	1	0	0	0	0	0	0	0	0	9/25/2000	2.682145076	2.960946196	4.860146276	0.962842681	0.934498451	0.77815125	1.342422681	2.496929648	0.041392685	0.041392685	0.477121255	9999	0.995635195	0.007896481	0	0	0	0	0	0	0	0.183094483	1.755374224	0	1.447405111	1.224287027	0	0	0	0.24216841	0	5	1	0	2.149219113	0	0	1	0	0	42.25416667	-110.7297222	3.898780013	1.440909088
1226	C	0	0	0	0	0	0	0	0	0	0	0	0	1	9/24/2001	2.645422269	3.097951071	4.320354033	0.968015714	1.257678575	0.954242509	1.880813592	2.67669361	0.041392685	0.041392685	0.698970004	0.77524626	1.007747778	0.004632211	0	0	0	0	0	0	0.281498568	0.263728602	1.29044506	0.012101649	1.791854848	1.199841596	0.470421658	0.000377431	0.000377431	0.414039589	0.139634365	5	1	0	2.281033367	0	0	0	0	0	42.09743056	-110.1912667	3.819609733	2.301029996
1294	C	0	0	0	0	0	0	0	0	0	0	0	1	0	9/23/2002	2.958085849	3.169674434	4.645078235	0.971275849	1.146128036	1.612783857	2.913283902	3.275541688	0.041392685	0.041392685	0.477121255	0.372912003	1.067814511	0.164484952	0	0.240825607	0.102654266	0.062428021	0.008950237	0.339086324	0.269638375	0.034170518	1.065765187	0.000207166	1.480766083	1.757155937	0.12818165	0.204109748	0.444532886	0.088573263	0.074745626	5	2	0	2.324282455	0	0	0	1	0	44.75277778	-104.4905556	3.56110138	3.468642668
1314	C	0	0	0	0	1	0	0	0	0	0	0	0	0	8/7/2002	2.603144373	3.000867722	4.945197682	0.968482949	1.149219113	0.77815125	1.041392685	2.267171728	0.041392685	0.041392685	0.477121255	0.342422681	0.949390007	0.118792564	0	0	0	0	0	0	0.009521733	0.126239193	1.502773447	0.276022548	1.780541896	0.83087264	0.012889502	0	0	0.349072845	0.350782171	1	1	0	1.959041392	0	0	1	0	0	43.95189167	-110.4138444	3.85247999	1.707570176
1360	C	0	1	0	1	0	0	0	0	0	0	0	0	0	8/4/2003	2.686636269	2.877371346	4.80022891	0.949877704	1.212187604	0.77815125	1.041392685	1.630427875	0.041392685	0.041392685	0.477121255	0.26245109	0.922206277	0.168002395	0.017732387	0	0	0	0	0	0.04304317	0.138327378	1.310070894	0	1.368321829	1.759756759	0	0	0	0.236127137	0	1	1	0	1.322219295	1	0	0	0	0	44.27187778	-107.0130472	3.94190877	0.698970004
1377	C	0	0	0	0	0	0	0	0	0	0	1	0	0	10/15/2003	3.019531685	3.215108581	4.604571623	0.975891136	0.959041392	0.84509804	1.113943352	2.545307116	0.041392685	0.041392685	0.477121255	0.155336037	1.039414119	0.005144431	0	0.152866866	0.025275142	0	0	0.170794823	0.028728615	0	0.021579946	0	1.278033554	1.902553375	0.077169461	0.39111092	0.468762802	0.144398088	0.166522324	5	1	0	2.257678575	0	0	0	0	1	41.61624167	-104.6168917	3.7126497	2.247948729
1419	C	0	1	0	0	1	0	0	0	0	0	0	0	0	9/4/2003	2.580924976	2.835056102	4.856160735	0.958563883	0.812913357	0.77815125	1.041392685	2.444044796	0.079181246	0.041392685	0.698970004	0.250420002	1.034227261	0	0	0.365912665	0	0.0095935	0	0.370069758	0.037609474	0.02543131	1.665099074	0	1.584519606	1.223521629	0	0	0.370069758	0.03849812	0.006737636	5	1	0	2.206825876	1	0	0	0	0	44.75550278	-107.6330944	3.91434316	1.45331834
1458	C	0	0	0	0	1	0	0	0	0	0	0	0	0	9/14/2004	2.692846919	3.009450896	4.611797631	0.899273187	1.017033339	0.77815125	1.041392685	1.681241237	0.041392685	0.041392685	0.698970004	0.250420002	0.983175072	0.64533978	0.741880624	0	0	0	0	0	0.74476216	0.231617514	1.24054594	0.172103619	1.350380916	1.693472873	0.015972348	0	0	0.030212203	0.011729559	1	1	1	1.32221929	0	0	1	0	0	43.42777778	-109.5583333	3.87506126	1.64542228
1465	C	1	0	0	0	0	0	0	0	0	1	0	0	1	7/29/2004	2.913283902	3.12904506	4.417421867	0.985426474	1.311753861	0.77815125	1.770852012	2.617000341	0.041392685	0.041392685	1.041392685	0.95568775	0.918554531	0.094971496	0.000238966	0.20609651	0.042057392	0.003985445	0.000136568	0.235153795	0.078187201	0.588583452	1.479509083	0.039258785	1.691296324	1.063342195	0.783684377	0.027520029	0.25137899	0.367960443	0.403348357	2	1	0	2.149219	0	0	0	0	0	41.638478	-106.940186	3.818226	3.554731
1478	C	0	0	0	0	0	1	1	0	0	0	0	0	0	10/14/2004	2.913813852	3.085647288	4.712194969	0.94792362	0.851258349	0.77815125	1.041392685	2.117271296	0.041392685	0.041392685	0.77815125	0.352182518	1.02325246	0.001406104	0	0.213163458	0	0	0	0.213163458	0	0.127268981	1.705765913	0	1.686418106	0.145377323	0	0	0.213163458	0.264185305	0.153365234	1	1	0	1.78532984	0	0	0	0	0	42.40694444	-105.6241667	3.82052985	1.69983771
1482	C	0	1	0	1	0	0	0	0	0	0	0	0	0	9/14/2004	2.649334859	2.765668555	4.876962202	0.904715545	0.86332286	0.77815125	1.041392685	1.322219295	0.041392685	0.041392685	0.602059991	0.264817823	1.056142262	0.056461134	0	0	0	0	0	0	0	0.09080457	1.193761294	0	1.676181906	1.591675637	0	0	0	0.178041458	0	1	1	0	1.04139269	1	0	0	0	0	44.415	-107.3841667	3.96284268	0.95424251
1488	C	1	1	0	0	0	0	0	0	0	1	0	0	0	10/6/2004	2.924795996	3.139564266	4.690408744	0.974511693	9999	0.77815125	1.73239376	2.976349979	9999	0.041392685	1.113943352	0.779596491	9999	0	0	0.275946467	0.153931986	0.133747048	0	0.427128097	0.07115049	0.05992667	1.916017736	0	1.011498239	0.919003691	0	0	0.427128097	0.006971968	0	1	1	0	2.20682588	1	0	0	0	0	44.80916667	-107.2891667	3.65127801	0.62324927
1514	C	1	0	0	0	0	0	0	0	0	1	0	0	1	8/9/2000	2.730782276	3.056142262	4.591265004	0.952792443	1.276461804	0.77815125	1.113943352	2.164352856	0.041392685	0.041392685	0.698970004	0.376576957	0.893761762	0.121361265	0	0.141929135	0.012592839	0.001121233	0	0.151840117	0.19212279	0.359569139	0.981565074	0.03412187	1.9219652	0.653004619	0.007893524	0	0.151840117	0.318514035	0.414300204	1	1	0	1.785329835	0	0	0	0	0	42.40638889	-108.5336111	3.854366778	2.646403726
1531	C	1	0	0	0	0	0	0	0	0	1	0	0	0	9/15/2004	2.786751422	3.086715664	4.433417777	1.1430148	0.990782692	0.77815125	1.041392685	2.1430148	0.041392685	0.041392685	0.698970004	0.399673721	0.975891136	0.027693274	0.080728343	0	0	0	0	0	1.141396607	0.174009062	1.544664375	0.087701371	1.535865434	1.287048569	0.005299984	0	0	0.108440459	0.045100502	2	1	0	1.74818803	0	0	1	0	0	43.55638889	-109.4766667	3.83250891	2.32428246
1550	C	0	0	0	0	0	0	0	1	0	0	0	0	0	6/16/2005	3.041392685	3.180699201	4.59609104	9999	9999	9999	9999	9999	9999	9999	9999	9999	9999	0.000961923	0	0.1491479	0	0.002496581	0	0.150920294	0.001154052	0.059987243	1.557111994	0.004216615	1.560876335	1.468851382	0.027246434	0	0.150920294	0.116825843	0.066645958	5	1	0	2.28780173	0	0	0	0	0	44.012569	-107.307519	3.69372695	1.652246341
1572	C	0	1	0	0	1	0	0	0	0	0	0	0	0	8/23/2005	2.818225894	2.932980822	4.787722531	0.942999593	1.113943352	0.77815125	1.041392685	3.398113692	0.037426498	0.021189299	0.477121255	0.315970345	9999	0.23458267	0.00179092	0.031158189	0.047280541	0.008881648	0	0.082805664	0.019877105	0.107546984	1.642414297	0	1.242613371	1.605013958	0	0	0.082805664	0.03778881	0	1	1	0	1.04139269	1	0	0	0	0	44.165825	-107.2511556	3.9030357	1.70757018
1579	C	0	0	0	0	0	0	0	0	0	0	1	0	0	10/24/2005	2.989894564	3.173477643	4.599260647	0.982271233	0.954242509	0.77815125	2.136720567	2.79518459	0.041392685	0.041392685	0.77815125	0.67669361	0.974050903	0.01736345	0	0.089873986	0.002904459	0	0	0.092236978	0.06735152	0.001148818	0.410828218	0	1.688163101	1.694196865	0.112648797	0	0.092236978	0.138322776	0.318281432	1	1	0	2.36361198	0	0	0	0	1	41.61	-105.1333333	3.77959649	2.29446623
1587	C	0	1	0	0	0	1	0	0	0	0	0	0	0	9/9/2005	2.568201724	2.804820679	4.914311417	0.940516485	1.155336037	0.77815125	1.041392685	1.625312451	0.041392685	0.041392685	0.477121255	0.198657087	0.905256049	0	0	0	0	0	0	0	0	0.99084858	1.866712585	0.143617785	0	1.111857831	0	0	0	0.631370499	0.605044069	1	1	0	1.41497335	0	0	0	0	0	41.29126111	-106.2233222	3.98766626	0.98227123
1609	C	0	0	0	0	1	0	0	0	0	0	0	0	0	8/24/2005	2.752816431	3.050379756	4.775151521	0.980457892	1.025305865	0.77815125	1.792391689	2.546542663	0.041392685	0.041392685	0.477121255	0.350248018	0.992995098	0	0	0	0	0	0	0	0.02815838	0.281317721	1.765434002	0.140410312	1.541354645	0.930891976	0.011910794	0	0	0.010305703	0.003825349	5	1	0	2.1172713	0	0	1	0	0	42.72616389	-110.8994	3.80827851	1.43775056
1614	C	0	0	0	0	1	0	0	0	0	0	0	0	0	10/18/2005	2.755112266	3	4.858404844	0.970346876	0.949390007	0.77815125	1.322219295	2.5132176	0.041392685	0.041392685	0.477121255	0.372912003	1.048441804	0	0	0	0	0	0	0	0.223613397	0.138817033	1.746472848	0.173197409	1.539986741	0.989720445	0.06273692	0.007236097	0.007236097	0.246266974	0.116150603	5	1	0	2.20682588	0	0	1	0	0	42.47722222	-110.8336111	3.86628734	1.40483371
1646	C	1	1	0	0	0	0	0	0	0	1	0	0	0	10/5/2006	2.944975908	3.112269768	4.706487349	0.970346876	1.041392685	0.301029996	1.763427994	2.610660163	0.012837225	0.004321374	0.568201724	0.257678575	0.989449818	0	0	0	0	0	0	0	0	0.423849721	1.830436486	0	1.223975547	1.216431201	0	0	0	0.157110744	0.01099434	5	1	0	2.26007139	1	0	0	0	0	44.91138889	-107.3941667	3.68841982	0.954242509
1649	C	0	0	1	0	0	0	0	0	0	0	0	0	0	9/26/2006	2.595496222	3.042969073	4.5411922	0.971739591	0.903089987	0.301029996	0.77815125	2.336459734	0.012837225	0.005609445	0.301029996	0.250420002	0.989894564	0.175400819	0	0	0	0	0	0	0.007160436	0.067201127	1.788498114	0.015599977	1.537120271	0.472508264	0.011400707	0	0	0.142704082	0.602793384	1	1	0	2.0211893	0	0	1	0	0	44.95333333	-110.2994444	3.79795964	1.683047038
1650	C	0	1	0	0	0	1	0	0	0	0	0	0	0	10/24/2006	2.932473765	3.09131516	4.72483272	0.975431809	0.77815125	0.301029996	0.903089987	2.434568904	0.045322979	0.008600172	0.477121255	0.545307116	1.057285644	0	0	0	0	0	0	0	0	0.817826956	1.778436113	0	1.279533361	1.263695919	0	0	0	0	0	5	1	0	2.8419848	1	0	0	0	0	44.94555556	-107.5230556	3.70757018	0.681241237
1651	C	0	0	0	1	0	0	0	0	0	0	0	0	0	8/16/2006	2.436162647	2.725094521	4.989276243	0.962369336	1.274157849	0.301029996	0.301029996	1.643452676	0.012837225	0.004321374	0.301029996	0.340444115	0.909556029	0.889003989	0.023444327	0.246851355	0	0	0	0.246851355	0.275877548	0	1.287263002	0	1.738490255	1.297825248	0.025720628	0	0.246851355	0.108185217	0.083062202	1	1	1	1.25527251	0	0	1	0	0	44.9412	-109.5596	3.96894968	0.982271233
1652	C	0	0	0	0	0	0	0	0	0	0	0	0	1	8/14/2006	3.020775488	3.152594078	4.571091299	0.907948522	1.1430148	0.301029996	0.477121255	1.491361694	0.041392685	0.004321374	0.301029996	0.42975228	1.000434077	0.343142109	0.072988679	0.029021962	0.00989105	0	0	0.038280404	0.104909006	0.095197532	1.645517828	0.055492316	1.642439356	1.063855046	0.014753362	0	0.038280404	0.256936736	0.125164475	1	1	1	1.17609126	0	0	0	0	0	44.8997	-109.2748	3.68645751	1.62838893
1681	C	0	0	0	0	0	0	0	0	0	0	0	0	1	8/1/2006	2.950364854	3.125481266	4.521621817	0.974971994	1.240549248	0.301029996	1.380211242	2.544068044	0.041392685	0.012837225	0.477121255	0.58546073	0.931966115	0	0	0	0	0	0	0	0	0	1.15188485	0	1.881037804	1.106324884	0	0	0	0	0	1	1	0	2.21748394	0	0	0	0	0	42.24395162	-107.1178584	3.82085799	0.176091259
1682	C	0	0	0	0	0	0	1	0	0	0	0	0	0	8/2/2006	2.92992956	2.981818607	4.704296402	0.911157609	1.037426498	0.301029996	0.77815125	1.851258349	0.041392685	0.010723865	0.301029996	0.139879086	0.92788341	0	0	0	0	0	0	0	0	0	1.960669344	0	1.027685767	0	0	0	0	0	0	1	1	0	1.51851394	0	0	0	0	0	42.26872298	-107.2139042	3.89872518	0.255272505
1687	C	0	1	0	0	0	1	0	0	0	0	0	0	0	8/28/2006	2.559906625	2.802773725	5.007402082	0.907948522	1.06069784	0.301029996	0.698970004	1.744292983	0.012837225	0.009450896	0.301029996	0.23299611	0.911690159	0	0	0	0	0	0	0	0	1.15631195	1.868384441	0.094927467	0	1.112389869	0.018544978	0	0	0.264256476	0.238778599	2	2	0	1.2787536	0	0	0	0	0	41.355117	-106.424439	3.97772361	0.596597096
1691	C	0	0	0	0	0	0	0	0	0	0	0	0	1	7/25/2006	2.926856709	3.091666958	4.509390721	0.981818607	1.326335861	0.698970004	1.653212514	2.730782276	0.012837225	0.012837225	0.301029996	0.836956737	0.920123326	0	0	0	0	0	0	0	0	0.292961492	1.595142267	0	1.786262796	0.116366665	0.020059883	0	0	0	0.073051793	1	1	0	2.36361198	0	0	0	0	0	41.06828611	-109.0649806	3.86332286	0.763427994
1693	C	0	0	0	0	0	0	1	0	0	0	0	0	0	9/19/2006	2.982723388	3.124830149	4.576606224	0.972665592	0.908485019	0.84509804	1.819543936	2.587710965	0.021189299	0.004321374	0.477121255	0.833784375	0.983626287	0	0	0	0	0	0	0	0	0	1.666774867	0	1.665378808	1.012588203	0	0	0	0	0	1	1	0	2.27415785	0	0	0	0	0	42.1599289	-106.9231468	3.81023252	0.181843588
1696	C	0	0	0	0	0	0	1	0	0	0	0	0	0	10/10/2006	3.031812271	3.112605002	4.701792413	0.953276337	0.707570176	0.477121255	1.079181246	2.439332694	0.012837225	0.009450896	0.301029996	0.235528447	1.030194785	0	0	0	0	0	0	0	0.015062876	0.083413835	1.872028185	0	1.319142997	0.870588329	0	0	0	0	0	1	1	0	2.13672057	0	0	0	0	0	42.76333333	-106.3544444	3.80617997	0.176091259
1700	C	0	0	0	0	1	0	0	0	0	0	0	0	0	8/29/2006	2.681241237	2.946943271	4.86210155	0.962842681	1.181843588	0.301029996	1.255272505	2.334453751	0.012837225	0.009875634	0.477121255	0.545307116	0.907411361	0	0	0	0	0	0	0	0	0.063808829	1.660411855	0	1.483471744	1.425658864	0	0	0	0	0	5	1	0	2.10037055	0	0	1	0	0	42.26188626	-110.7173858	3.905148	0.86923172
1702	C	0	0	0	0	1	0	0	0	0	0	0	0	0	9/19/2006	2.739572344	3.02201574	4.801239017	0.980911938	1.123851641	0.301029996	1.716003344	2.56937391	0.012837225	0.004321374	0.301029996	0.491361694	0.973127854	0.134692525	0	0	0	0	0	0	0.001915204	0.153720076	1.776473103	0.006064744	1.390483969	1.246469268	0	0	0	0.023270918	0.063068723	5	1	0	2.13033377	0	0	1	0	0	42.365	-110.8452778	3.8518696	1.904174368
1704	C	0	0	0	0	1	0	0	0	0	0	0	0	0	9/27/2006	2.761927838	2.838219222	4.954449956	0.970346876	1.037426498	0.301029996	1.414973348	2.471291711	0.012837225	0.004321374	0.301029996	0.322219295	0.985426474	0	0	0	0	0	0	0	0	0.037502854	1.631939971	0.107836845	1.758085403	0.19101032	0	0	0	0.088305924	0.233061961	5	1	0	2.06818586	0	0	1	0	0	42.52111111	-110.6988889	3.93298082	0.591064607
1706	C	0	0	0	0	1	0	0	0	0	0	0	0	0	10/2/2006	2.838219222	3.019946682	4.941630673	0.985875357	0.903089987	0.477121255	1.544068044	2.526339277	0.029383778	0.004321374	0.301029996	0.170261715	1.029789471	0	0	0	0	0	0	0	0.114539007	0.173880817	1.616039326	0.031766766	1.581689286	1.349327233	0.061367469	0	0	0.031766766	0.031053791	5	1	0	2.09691001	0	0	1	0	0	42.90666667	-110.8866667	3.81690384	1.28780173
1730	C	0	0	0	0	0	0	0	0	0	0	1	0	0	9/18/2007	3.009875634	3.192846115	4.604938489	0.978636948	1.264817823	0.903089987	1.716003344	2.605843539	0.037824751	0.004321374	0.301029996	0.021189299	1.128076013	0.009201932	0	0.39593127	0.03853881	0.006738016	0	0.414454321	0.165332357	0.007125438	0.537656382	0	1.325832414	1.863919431	0.006350248	0.040963568	0.430688996	0.342130562	0.457154404	1	1	0	2.21748394	0	0	0	0	1	41.473	-104.712	3.74818803	2.042575512
1741	C	0	0	0	0	0	0	1	0	0	0	0	0	1	9/11/2007	2.938019097	3.093771781	4.589346306	0.972665592	1.252853031	0.301029996	0.301029996	2.395326393	0.004321374	0.025715384	0.954242509	0.963787827	0.913283902	0.038175942	0	0	0	0	0	0	0	0.149516478	1.694933175	0.004331502	1.695343072	0.487355436	0.068334477	0	0	0.004331502	0.046729337	1	1	0	2.14921911	0	0	0	0	0	42.23910405	-106.6992402	3.83250891	1.365487985
1744	C	1	0	0	0	0	0	0	0	0	0	0	0	1	9/27/2007	2.797959644	3.08278537	4.657514776	0.980911938	1.127104798	0.301029996	1.447158031	2.43055877	0.004321374	0.004321374	0.301029996	0.146128036	1.006466042	0.196118651	0	0.047160471	0.00197862	0	0	0.048935901	0.014048864	0.735316882	1.907103935	0.075065309	0.986524733	0.776146972	0.005047379	0	0.048935901	0.310102596	0.074931821	1	1	0	2.06069784	0	0	0	0	0	41.1396706	-106.4465336	3.86805636	3.246498581
1773	C	0	0	0	0	0	1	1	0	0	0	0	0	1	7/24/2007	2.803457116	3.020775488	4.697673875	0.935507266	1.436162647	0.301029996	0.301029996	2.053078443	0.041392685	0.079181246	0.301029996	0.004321374	0.921686475	0	0	0	0	0	0	0	0	0.079669492	1.456956638	0	1.843594987	0.462212658	0	0	0	0.330765183	0.133883609	1	1	0	1.77085201	0	0	0	0	0	42.442161	-106.012294	3.86332286	1.397940009
1825	C	0	0	0	0	0	0	1	0	0	0	0	0	0	9/8/2008	2.774516966	3.059563418	4.584342534	0.951337519	1.056904851	0.301029996	1.477121255	2.23146959	0.021189299	0.004321374	0.301029996	0.522444234	0.98811284	0	0	0.149789128	0	0	0	0.149789128	0.007020343	0.601254997	1.694117502	0.078107588	1.618117857	0.693531541	0.270031505	0	0.149789128	0.434332296	0.281622469	1	1	0	1.74036269	0	0	0	0	0	41.04661663	-106.0332407	3.88024178	2.55266822
1827	C	0	0	0	0	0	0	1	0	0	0	0	0	0	9/16/2008	2.745855195	2.995196292	4.937507862	0.936513742	1.130333768	0.301029996	0.698970004	2.034628457	0.021189299	0.004321374	0.301029996	0.283301229	0.972202838	0.024358776	0	0	0	0	0	0	0.04742357	0.613259486	1.939946703	0.016892383	0.517144205	0.940145532	0.007759899	0	0	0.197806689	0	1	1	0	1.71600334	0	0	0	0	0	41.2776667	-107.116686	3.92324402	1.03140846
1866	C	0	0	0	0	1	0	0	0	0	0	0	0	0	10/14/2008	2.806179974	2.984527313	4.864534812	0.956648579	0.706717782	0.301029996	1.491361694	2.484299839	0.021189299	0.021189299	0.698970004	0.717670503	1.027349608	0	0	0	0	0	0	0	0	0.279902611	1.788618522	0.078588573	1.462401711	1.050786238	0	0	0	0.043511842	0.036143249	5	1	0	2.28555731	0	0	1	0	0	42.48722222	-110.8358333	3.87616008	0.84509804
1887	C	0	0	0	0	1	0	0	0	0	0	0	0	0	8/26/2009	2.764922985	2.860936621	5.044163313	0.977266212	1.004321374	0.079181246	1.477121255	9999	0.008600172	0.004321374	0.477121255	0.10720997	1.018284308	0.15823453	0	0	0	0	0	0	0.062018597	0.054065235	1.370719567	0	1.812377839	1.142179481	0	0	0	0	0	5	1	0	2.07918125	0	0	1	0	0	42.68105799	-110.7545148	3.92022771	0.79726754
1888	C	0	0	1	0	0	0	0	0	0	0	0	0	0	8/31/2009	2.57634135	3.008600172	4.938864822	0.963315511	1.164055292	1.146128036	1.278753601	2.385248682	0.021189299	0.004751156	0.477121255	0.252853031	1.029383778	0.686787654	0.000209387	0.068834497	0.000269193	0	0	0.069064243	0.02420582	0.036151396	1.630264749	0.06647898	1.654322003	0.900182828	0.013172262	0.000149572	0.069191827	0.366076759	0.407549766	2	1	0	1.83884909	0	0	1	0	0	44.08637743	-110.6976291	3.83193373	2.70228402
1889	C	0	0	0	0	1	0	0	0	0	0	0	0	0	9/1/2009	2.559906625	3.02489596	4.7729961	0.974511693	0.94792362	0.301029996	0.77815125	2.419129308	0.021189299	0.006037955	0.698970004	0.532754379	0.981365509	0.023250762	0.006821952	0	0	0	0	0	0.443633224	0.179445012	1.612142582	0.128310145	1.536737181	1.381234321	0.035760595	0	0	0.173296981	0.117263588	5	1	0	2.28330123	0	0	1	0	0	43.29888889	-110.5258333	3.80550086	1.34439227
1893	C	1	0	0	0	0	0	0	0	0	1	0	0	1	9/22/2009	2.928395852	3.16790781	4.548180513	0.976808337	1.1752218	0.477121255	2.178976947	3.209595432	0.021189299	0.004321374	0.301029996	0.426511261	0.984527313	0	0	0	0	0	0	0	0.009318192	0.339192053	1.593717416	0.009803129	1.735725201	0.731777516	0.373655969	0	0	0.174092177	0.271263073	5	1	0	2.2764618	0	0	0	0	0	42.84678333	-108.7985898	3.74904027	1.39619935
1896	C	0	0	0	0	1	0	0	0	0	0	0	0	0	10/14/2009	2.761175813	3.027349608	4.819392564	0.997386384	0.872738827	0.278753601	1.568201724	2.633973156	0.021189299	0.016615548	0.301029996	0.40654018	1.005180513	0.014935945	0	0	0	0	0	0	0.037053478	0.371412789	1.742616852	0.081619523	1.550087852	0.992908161	0.004124646	0.00343992	0.00343992	0.179585997	0.070018467	5	1	0	2.22010809	0	0	1	0	0	42.525	-110.8819444	3.84516008	1.34439227
1897	C	0	0	0	0	0	1	1	0	0	0	0	0	0	6/29/2009	2.888740961	3.07809415	4.682776646	9999	9999	9999	9999	9999	9999	9999	9999	9999	9999	0	0	0.434406581	0	0	0	0.434406581	0	0.123762913	1.669197399	0	1.230183782	1.559625764	0	0	0.434406581	0.259528465	0.071974551	1	1	0	1.79934055	0	0	0	0	0	41.263834	-105.3196521	3.8893017	0.94939001
1910	C	0	0	0	0	0	0	1	0	0	0	0	0	0	9/3/2009	2.954242509	3.074816441	4.641077313	0.99343623	1.311753861	0.698970004	1.230448921	2.551449998	0.021189299	0.011570444	0.602059991	0.334453751	0.944482672	0.026235986	0	0.132255067	0	0	0	0.132255067	0.002207615	0.013708537	0.942144728	0	1.915783077	0.978803054	0.071920954	0	0.132255067	0.128857993	0.374747893	1	1	0	2.28780173	0	0	0	0	0	42.163609	-105.4798305	3.81157501	2.37180646
1911	C	0	0	0	0	0	0	1	0	0	0	0	0	0	9/14/2009	2.834420704	3.057285644	4.588462194	0.955206538	1.208172527	0.301029996	2.1430148	2.893650817	0.021189299	0.006893708	0.903089987	0.759667845	0.95568775	0.002917578	0	0	0	0	0	0	0.058136463	1.011142425	1.813331098	0.294236803	1.248918515	0.868649014	0.143312808	0	0	0.431143069	0.127234327	2	2	0	2.26245109	0	0	0	0	0	41.61305556	-106.3094444	3.8839452	1.10380372
1917	C	0	0	0	0	0	0	1	0	0	0	0	0	0	9/28/2009	2.868056362	3.027349608	4.767660394	0.95230801	1.187520721	0.278753601	0.477121255	1.930439595	0.021189299	0.020361283	1	0.863917377	0.941511433	0	0	0	0	0	0	0	0	0.073613831	1.881406925	0	1.408562608	0.038364764	0	0	0	0	0	1	1	0	1.67209786	0	0	0	0	0	42.4906406	-105.8095211	3.8876173	1.11058971
1919	C	0	0	0	0	0	0	1	0	0	0	0	0	0	9/30/2009	2.976349979	3.171726454	4.588518204	0.961895474	1.170261715	0.698970004	2.505149978	2.98721923	0.004321374	0.004321374	0.301029996	0.184691431	1.01911629	0	0	0.097839846	0	0	0	0.097839846	0.001932233	0.149290571	1.66856978	0	1.689808336	0.71541727	0	0	0.097839846	0.287661092	0.210657184	1	1	0	2.25527251	0	0	0	0	0	42.5429183	-105.5241305	3.72916479	1.67486114
1929	C	0	0	0	0	1	0	0	0	0	0	0	0	0	9/8/2009	2.760422483	3.065206128	4.593507589	0.959518377	1.174350597	0.113943352	0.903089987	2.180412633	0.021189299	0.01745073	0.301029996	0.602059991	0.947433722	0.003115196	0.019694496	0.009534292	0.010891506	0	0	0.020192175	0.640445052	0.069805209	1.572763437	0.040358481	1.69700783	1.066467939	0	0	0.020192175	0.071797274	0.099872739	2	1	0	1.87506126	0	0	1	0	0	44.854393	-109.620124	3.80311555	2.23578087
1932	C	0	0	0	0	0	0	0	0	0	0	0	0	1	9/10/2009	2.872738827	3.102433706	4.607744456	0.959518377	1.195068996	0.698970004	1.113943352	2.093771781	0.021189299	0.011147361	0.477121255	0.245512668	0.972665592	0.015572493	0.184413207	0	0	0	0	0	1.058604028	0.106454475	1.624314506	0.021470388	1.365630637	1.404566207	0.1152661	0.000246127	0.000246127	0.16136678	0.083386536	2	1	0	1.71600334	0	0	1	0	0	44.20722222	-109.5552778	3.79239169	2.47421626
1933	C	0	0	0	0	0	0	0	0	1	0	0	0	0	9/15/2009	2.923244019	3.12515583	4.804977214	0.916980047	1.077004327	0.146128036	0.602059991	1.903089987	0.008600172	0.013679697	1.146128036	1.097951071	9999	0	0	0	0	0	0	0	0	0.531478917	1.977310497	0	0.641538076	0.11716434	0	0	0	0	0	4	1	0	1.59106461	0	1	0	0	0	44.60746667	-104.3907306	3.66181269	0.39794001
6	V	0	1	0	0	1	0	0	0	0	0	0	0	0	10/12/1993	2.864511081	2.974511693	4.778990076	0.949390007	0.812913357	0.77815125	1.041392685	1.755874856	0.041392685	0.041392685	0.301029996	0.230448921	1.10720997	0.30873564	0.001015407	0.089416803	0.080499968	0.022452315	0	0.171821537	0.015804978	0.117581427	1.649172127	0	1.269441449	1.576159111	0	0	0.171821537	0.098829502	0.00371161	1	1	0	1.77815125	1	0	0	0	0	44.14055556	-107.2463889	3.875061263	1.848189117
7	V	0	1	0	1	0	0	0	0	0	0	0	0	0	10/12/1993	2.704150517	2.823474229	4.835671551	0.939519253	0.792391689	0.77815125	1.041392685	1.414973348	0.041392685	0.041392685	0.477121255	0.230448921	1.079181246	0.338818936	0	0	0	0	0	0	0.049812711	0.126929412	1.529289599	0	1.360060468	1.647735731	0	0	0	0.071958042	0	1	1	1	1.77815125	1	0	0	0	0	44.23861111	-107.2244444	3.943494516	1.161368002
96	V	0	0	1	0	0	0	0	0	0	0	0	0	0	9/2/1993	2.611723308	2.993876915	4.819306983	0.963787827	0.785329835	0.77815125	1.041392685	1.995635195	0.041392685	0.041392685	0.477121255	0.301029996	1.064457989	0.014761452	0.039264519	0	0	0	0	0	0.3588268	0.060400527	1.827989641	0	1.242515025	1.221392523	0	0	0	0.005496975	0	1	1	0	1.544068044	0	0	1	0	0	44.51313889	-109.9732806	3.829946696	1.281033376
103	V	0	0	0	0	1	0	0	0	0	0	0	0	0	8/31/1994	2.549003262	3.010723865	4.945148409	0.982271233	1.26245109	1.322219295	1.662757832	2.556302501	0.041392685	0.041392685	0.477121255	0.176091259	0.959041392	0.694528687	0.000215162	0.066042602	0.000276618	0	0	0.066280208	0.023138477	0.03623148	1.624303117	0.068018689	1.660534325	0.905670466	0.013530093	0	0.066280208	0.336997645	0.390066264	2	1	0	2.041392685	0	0	1	0	0	44.10078333	-110.6694611	3.832636628	2.686636269
118	V	0	0	1	0	0	0	0	0	0	0	0	0	0	9/21/1995	2.593286067	2.95230801	4.857977427	0.949390007	0.908485019	0.77815125	1.041392685	2.008600172	0.041392685	0.068185862	0.477121255	0.447158031	1.041392685	0	0.009193429	0.235083095	0	0	0	0.235083095	0.429282718	0.134232868	1.858621242	0	1.218171609	1.051306172	0.01628274	0	0.235083095	0.040524215	0.033822759	2	1	0	1.544068044	0	0	1	0	0	44.47776667	-110.0355917	3.852479994	1.365487999
128	V	0	0	0	0	1	0	0	0	0	0	0	0	0	10/1/1996	2.527629901	2.963787827	4.857923218	0.949390007	1.025305865	0.77815125	1.77815125	2.531478917	0.041392685	0.041392685	0.477121255	0.176091259	1.008600172	0.111607175	0.041089295	0	0	0	0	0	0.419333512	0.267694045	1.706654606	0.027503017	1.398306523	1.344281268	0.046133529	0	0	0.383114289	0.184032348	5	1	0	2.139879086	0	0	1	0	0	42.66166667	-110.4905556	3.909716453	1.338456478
225	V	0	0	0	0	0	0	1	0	0	0	0	0	0	8/22/1996	2.802089258	3.049992857	4.856873832	0.851258349	1.240549248	0.77815125	1.041392685	2.225309282	0.041392685	0.041392685	0.698970004	0.707570176	1.008600172	0	0	0	0	0	0	0	0	1.108705294	1.872168036	0.085406117	0.912723963	0.906497947	0	0	0	0.047828958	0.032463889	1	1	0	1.913813852	0	0	0	0	0	41.19083333	-107.2244444	3.889861721	0.763428008
311	V	0	0	0	0	0	0	0	0	0	0	0	0	1	9/10/1997	2.936010796	3.080626487	4.759705608	0.977723605	1.136720567	0.77815125	1.477121255	2.56937391	0.041392685	0.041392685	0.602059991	0.477121255	0.991226076	0	0	0	0	0	0	0	0	0.357556928	1.043054524	0	1.930206603	0.539038533	0.013726396	0	0	0.086536135	0.44920057	5	1	0	2.267171728	0	0	0	0	0	41.33222222	-107.3769444	3.86421433	1.130333768
316	V	0	0	0	0	0	0	1	0	0	0	0	0	0	9/12/1997	2.790988475	3.086359831	4.57989787	0.973127854	1.1430148	0.77815125	1.301029996	2.136720567	0.041392685	0.041392685	0.477121255	0.544068044	0.939519253	0	0	0.271986363	0	0	0	0.271986363	0.008430371	0.613244632	1.664001729	0.102799719	1.656283239	0.680519569	0.168889461	0	0.271986363	0.331766243	0.272554834	1	1	0	1.77815125	0	0	0	0	0	41.07972222	-106.0119444	3.876794976	2.540329475
397	V	1	0	0	0	0	0	0	0	0	0	0	0	1	10/14/1997	2.902002891	3.126780577	4.420533323	0.982271233	0.716003344	0.77815125	1.230448921	2.235528447	3.01911629	0.041392685	0.698970004	0.602059991	1.086003706	0.10153264	0.000518517	0.247279301	0.030254694	0.001128833	0	0.265271813	0.071098749	0.72616223	1.714341608	0.061298498	1.484979059	0.855197872	0.784269482	0.057662993	0.297523339	0.362513735	0.341600168	1	1	0	1.954242509	0	0	0	0	0	41.33222222	-106.7269444	3.84167225	3.398634325
404	V	0	0	0	0	0	0	0	0	0	0	0	1	0	10/16/1997	3.004751156	3.192567453	4.624704837	0.944482672	1.06069784	0.903089987	1.230448921	2.646403726	0.176091259	0.041392685	0.477121255	0.505149978	0.903089987	0	0	0.03843031	0.005121215	0	0	0.043120159	0.018160457	0.010182744	1.311067789	0	1.358876645	1.705585846	0.287680201	0.468084839	0.483245961	0.74393715	0.365751521	5	1	0	2.371067862	0	0	0	0	1	42.93	-104.345	3.649140064	1.240549239
622	V	1	1	0	0	0	0	0	0	0	1	0	0	0	10/27/1998	2.958563883	3.155336037	4.737232411	0.934498451	0.857332496	0.77815125	1.041392685	1.909556029	0.041392685	0.041392685	0.477121255	0.198657087	1.071882007	0.014136096	0	0	0	0	0	0	0.008792838	0.415394357	1.881601779	0	1.101600237	1.066161139	0.133643242	0.032942017	0.032942017	0.164586342	0.010581238	1	1	0	1.698970004	1	0	0	0	0	44.62665556	-107.0303611	3.645422269	1.748962849
635	V	0	1	0	1	0	0	0	0	0	0	0	0	0	9/18/1998	2.782472624	2.906873535	4.735103649	0.929418926	0.929418926	0.77815125	1.041392685	1.64246452	0.041392685	0.041392685	0.477121255	0.29666519	0.995635195	0	0	0	0	0	0	0	0	0.153615071	1.909562061	0	0.974454693	1.077213977	0	0	0	0	0	1	1	1	1.477121255	1	0	0	0	0	44.0486	-107.0237583	3.920645001	0.720159303
724	V	1	0	0	0	0	0	0	0	0	1	0	0	0	10/12/1998	2.940018155	3.179264464	4.631058009	0.944482672	0.949390007	0.77815125	1.255272505	2.463892989	0.041392685	0.041392685	0.477121255	0.158362492	1.064457989	0.011034956	0	0.294300257	0.071230228	0.017300557	0.000442402	0.340272939	0.013509149	0.15733418	1.759721212	0	1.339274705	1.277137278	0.32822864	0.052077428	0.364838946	0.353906874	0.182909433	1	1	0	2.176091259	0	0	0	1	0	44.88398889	-107.2390556	3.587710965	2.381476085
744	V	1	0	0	0	0	0	0	0	0	1	0	0	0	9/29/1998	2.955206538	3.177824972	4.518171634	0.959041392	1.178976947	1.51851394	1.591064607	2.712649702	0.041392685	0.041392685	0.477121255	0.250420002	1.004321374	0.004737405	0	0	0	0	0	0	0.034849066	0.15484886	1.745872371	0	1.471400567	1.202523875	0.076958984	0.068426704	0.068426704	0.231029446	0.064217727	1	1	0	2.146128036	0	0	0	1	0	44.05157778	-106.6958222	3.674861141	1.899820511
855	V	0	0	0	0	1	0	0	0	0	0	0	0	0	10/7/1999	2.276461804	2.953759692	4.747318568	0.867467488	0.924279286	0.77815125	1.041392685	1.785329835	0.041392685	0.041392685	0.602059991	0.404833717	1.007747778	0.494410525	0.499706594	0	0	0	0	0	0.886557103	0.538733546	1.387217483	0.093903218	1.259768355	1.664207362	0.028199651	0	0	0.08225107	0.117662954	1	1	0	1.602059991	0	0	1	0	0	43.35821667	-109.9228028	3.901240302	1.397940009
939	V	1	0	0	0	0	0	0	0	0	1	0	0	0	10/5/1999	2.445604203	3.043362278	4.42884723	0.936513742	1.089905111	0.77815125	1.041392685	2.139879086	0.041392685	0.041392685	0.477121255	0.222716471	0.974971994	0.788068583	0.033258914	0.081278476	0	0	0	0.081278476	0.271296245	0.589024901	1.322955205	0.091720659	1.740945596	1.098373021	0.57464539	0	0.081278476	0.383483557	0.247078405	1	1	0	1.84509804	0	0	0	0	0	42.79520833	-109.7883278	3.846955325	2.151063272
1035	V	0	1	0	0	0	1	0	0	0	0	0	0	0	9/8/2000	2.643452676	2.90579588	4.815504696	0.986771734	0.973127854	0.77815125	1.041392685	2.396199347	0.041392685	0.041392685	0.477121255	0.130333768	0.979548375	0	0	0	0	0	0	0	0	0.503837241	1.89900085	0.120648097	0	1.306192148	0	0	0	0	0	1	1	0	2.117271296	0	0	0	0	0	41.36424167	-106.1320444	3.95717613	0.623249295
1074	V	0	1	0	1	0	0	0	0	0	0	0	0	0	9/7/2000	2.793790385	2.974050903	4.689006791	9999	9999	9999	9999	9999	9999	9999	9999	9999	9999	0	0	0.26941546	0.057063857	0.051244078	0	0.327407407	0	0.13612465	1.900185688	0	0.908312028	1.144358532	0	0	0.327407407	0	0	1	1	1	1.60205999	1	0	0	0	0	44.168775	-106.9152167	3.8876173	1.17318627
1109	V	0	0	0	0	0	0	0	0	0	0	1	0	0	10/18/2001	3.020361283	3.215901813	4.603155203	0.980911938	1.086359831	0.84509804	1.079181246	2.56937391	0.146128036	0.041392685	0.477121255	0.264817823	1.054613055	0.005117084	0	0.158593067	0.025143828	0	0	0.176198171	0.028579942	0	0.021467359	0	1.275828117	1.902828531	0.076791236	0.389730084	0.470344781	0.146038507	0.1756509	5	1	0	2.257678575	0	0	0	0	1	41.61605556	-104.609575	3.711469782	2.459392488
1277	V	0	1	0	0	0	1	0	0	0	0	0	0	0	9/25/2002	2.716003344	2.948901761	5.008408529	0.950364854	0.892094603	0.77815125	1.041392685	1.62324929	0.079181246	0.041392685	0.477121255	0.201397124	0.942504106	0	0	0.378650364	0	0	0	0.378650364	0.11215145	1.046596264	1.660270266	0	0	1.647814105	0	0	0.378650364	0	0	1	1	0	1.322219295	0	0	0	0	0	41.14222222	-107.0744444	3.94250411	0.278753601
1319	V	0	0	1	0	0	0	0	0	0	0	0	0	0	8/21/2002	2.693726949	3.006466042	4.706760442	0.963787827	1.245512668	0.77815125	1.041392685	2.120573931	0.041392685	0.041392685	0.477121255	0.220108088	0.975431809	0.002096824	0.062630116	0	0	0	0	0	1.167886475	0.036784484	1.394893951	0.186663126	1.492513886	1.511347311	0.005823953	0	0	0.018410617	0.029817246	2	1	0	1.707570176	0	0	1	0	0	44.11111111	-109.3533333	3.88184097	2.130655349
1357	V	0	0	0	0	0	0	0	0	0	0	0	0	1	10/14/2003	2.972665592	3.137037455	4.459995256	0.967547976	0.886490725	0.77815125	1.322219295	2.564666064	0.041392685	0.041392685	0.477121255	0.536558443	1.055378331	0	0	0	0	0	0	0	0.005207564	0.00279753	0.538372299	0	1.97726415	0.510062337	0.012540264	0	0	0.300642518	0.134691589	5	1	0	2.281033367	0	0	0	0	0	42.41241667	-106.7912722	3.79448805	1.901458321
1359	V	0	0	0	0	0	0	0	0	1	0	0	0	0	7/31/2003	3.010723865	3.16613397	4.774619141	9999	9999	9999	9999	9999	9999	9999	9999	9999	9999	0	0	0.089656913	0.023276337	0	0	0.108685169	0.014574282	0.266200386	1.857536069	0.144948981	1.149414284	1.175876911	0.080133761	0.021626944	0.125615891	0.007291345	0.015413263	5	3	0	2.303196057	0	1	0	0	0	44.49222222	-104.1086111	3.57054294	2.413299764
1505	V	0	1	0	0	0	0	0	1	0	0	0	0	0	9/15/2004	3.028571253	3.193958978	4.551193737	0.977266212	1.214843848	0.77815125	1.041392685	2.252853031	0.079181246	0.041392685	1.176091259	0.387389826	1.062581984	0.010939986	0	0	0	0	0	0	0	0.234083206	1.63465203	0	1.615209035	1.251936039	0.021611149	0	0	0	0	5	1	0	2.00432137	1	0	0	0	0	44.29972222	-107.5380556	3.68313713	1.59549624
1530	V	0	0	0	1	0	0	0	0	0	0	0	0	0	9/13/2004	2.62838893	2.921686475	4.864386471	0.940018155	1.041392685	0.77815125	1.041392685	1.505149978	0.041392685	0.041392685	0.698970004	0.367355921	0.983175072	0	0	0	0	0	0	0	0	0.973442812	1.93582743	0	0.805431996	0.124874903	0.040595054	0	0	0.17883433	0	1	1	0	1.04139269	0	0	1	0	0	42.61611111	-108.8788889	3.96284268	0.84509804
1535	V	1	0	0	0	0	0	0	0	0	1	0	0	0	10/18/2004	2.423245874	3.047274867	4.385051882	0.986323777	0.959041392	0.77815125	1.903089987	2.758911892	0.041392685	0.041392685	0.602059991	0.633468456	1.035429738	0.034975437	0.00178329	0	0	0	0	0	0.366247357	0.265784924	1.52791475	0.047073532	1.671824786	0.993481598	0.763568825	0	0	0.60607959	0.511442543	1	1	0	2.372912	0	0	0	0	0	42.509525	-110.1950389	3.84843546	2.14363924
1573	V	0	1	0	0	0	0	0	1	0	0	0	0	0	8/23/2005	2.977266212	3.179551791	4.540904815	0.972202838	1.217483944	0.77815125	1.886490725	2.536558443	0.195899652	0.021189299	0.77815125	0.72916479	9999	0	0	0	0	0	0	0	0.040256501	0	1.252866933	0	1.664624401	1.58733632	0	0	0	0.036889037	0.020729497	5	1	0	2.28103337	1	0	0	0	0	43.86277778	-107.2969444	3.68124124	1.58092496
1626	V	0	0	0	0	1	0	0	0	0	0	0	0	0	9/26/2005	2.759667845	3.01745073	4.791887054	0.986771734	1.164352856	0.77815125	1.380211242	2.495544338	0.041392685	0.041392685	0.477121255	0.434568904	1.018700499	0	0	0	0	0	0	0	0.12268626	0.222321253	1.744185669	0.101280147	1.544786107	1.020145091	0.034274607	0.00352254	0.00352254	0.158293796	0.07679271	5	1	0	2.28103337	0	0	1	0	0	42.37944444	-110.8552778	3.84260924	1.93951925
1683	V	0	0	0	0	0	0	0	0	0	0	0	0	1	8/3/2006	2.964730921	3.113274692	4.47829227	0.949390007	1.1430148	0.301029996	0.698970004	2.350248018	0.041392685	0.011147361	0.301029996	0.209515015	0.979092901	0	0	0	0	0	0	0	0	0.082469529	1.489638278	0.02697643	1.842745431	0.04318938	0.010134673	0	0	0.221274154	0.156883749	1	1	0	2.04532298	0	0	0	0	0	42.34374705	-107.2612127	3.81557775	0.984527313
1685	V	0	0	0	0	0	0	1	0	0	0	0	0	0	9/6/2006	2.613841822	2.987666265	4.791823934	0.897077003	1.068185862	0.301029996	0.84509804	1.857332496	0.012837225	0.004321374	0.799340549	0.627365857	0.907411361	0	0	0	0	0	0	0	0	0.648555366	1.934803032	0.093470464	0.351356094	0.995642305	0	0	0	0.31882029	0.007752234	1	1	0	1.54406804	0	0	0	0	0	41.04680162	-106.5988259	3.92634245	1.08278537
1716	V	0	0	0	0	1	0	0	0	0	0	0	0	0	9/18/2006	2.726727209	2.98811284	4.757570623	0.96425963	0.875061263	0.301029996	1.819543936	2.666517981	0.012837225	0.004321374	0.397940009	0.622214023	1.019946682	0.004382423	0	0	0	0	0	0	0	0.166765343	1.777735318	0	1.442423023	1.121740603	0	0	0	0.420867797	0.00507036	5	1	0	2.2121876	0	0	1	0	0	42.19281499	-110.7373291	3.88615218	1.80140371
1756	V	0	0	1	0	0	0	0	0	0	0	0	0	0	9/4/2007	2.700703717	3.056523724	4.68999218	9999	1.161368002	0.301029996	0.698970004	9999	0.004321374	0.036628895	1.26245109	9999	9999	0	0	0	0	0	0	0	0.77755025	0.111285272	1.759681632	0	1.478670398	1.004630951	0	0	0	0	0	2	1	0	1.67209786	0	0	1	0	0	44.47305556	-109.8963889	3.8162413	0.643452676
1762	V	0	0	0	0	0	0	0	0	1	0	0	0	0	9/18/2007	3.007320953	3.105169428	4.812084065	0.946943271	1.070776463	0.301029996	2.305351369	9999	0.007747778	0.015359755	0.755874856	9999	1.027349608	0	0	0	0	0	0	0	0	1.052000853	1.899171723	0	0.947993128	0.62580712	0	0	0	0	0.130429877	5	1	0	2.42975228	0	1	0	0	0	44.54416667	-104.4127778	3.68394713	0.556302501
1780	V	1	0	0	0	0	0	1	0	0	0	0	0	0	9/26/2007	2.787460475	3.078456818	4.657189756	0.95616843	1.056904851	0.301029996	0.77815125	2.018700499	0.004321374	0.012837225	0.477121255	0.004321374	0.989004616	0.231359031	0	0.059096362	0.002532963	0	0	0.061307894	0.017525734	0.715151526	1.934714742	0.061131385	0.576049783	0.820680776	0.005854012	0	0.061307894	0.318656242	0.092950594	1	1	0	1.71600334	0	0	0	0	0	41.1313157	-106.4256477	3.88309336	2.178976947
1817	V	0	0	0	0	0	0	0	0	0	0	0	1	0	8/14/2008	3.003460532	3.196176185	4.604150423	0.951823035	1.328379603	0.301029996	1.176091259	2.557867962	0.021189299	0.017033339	1.477121255	1.322219295	0.965671971	0	0	0	0	0	0	0	0.079353072	0.03051801	1.403140054	0	1.26899779	1.74080005	0.050455875	0.482637489	0.482637489	0.390815508	0.068688763	5	1	0	2.26481782	0	0	0	1	0	42.92694167	-104.226775	3.63144377	1.49136169
1894	V	0	0	0	0	1	0	0	0	0	0	0	0	0	10/7/2009	2.328379603	2.966141733	4.750083921	0.990782692	0.977723605	0.079181246	1	1.866877814	0.021189299	0.004321374	0.602059991	0.181843588	1.053078443	0.467259365	0.462009567	0	0	0	0	0	0.83797482	0.741222255	1.390017498	0.08663631	1.33761912	1.617396807	0.027957552	0	0	0.124589088	0.149065809	1	1	0	1.39794001	0	0	1	0	0	43.36611111	-109.9805556	3.89270664	2.20411998
1904	V	0	1	0	0	0	1	0	0	0	0	0	0	0	8/13/2009	2.632457292	2.92788341	4.904482922	0.91750551	1.068185862	0.301029996	0.204119983	1.677606953	0.021189299	0.005180513	0.477121255	0.367355921	0.954242509	0	0	0	0	0	0	0	0	0.440768964	1.936997632	0.282271961	0	1.1081967	0	0	0	0	0	2	1	0	1.39794001	0	0	0	0	0	41.343857	-106.4699854	3.94448267	0.462398
1914	V	0	0	0	0	0	0	1	0	0	0	0	0	0	9/16/2009	2.654176542	2.933487288	4.751456174	0.983175072	1.068185862	0.255272505	0.477121255	2.189490314	0.004321374	0.003891166	0.602059991	0.238046103	0.957128198	0.292201586	0.003136801	0.188961411	0.180318531	0	0	0.313822716	0.379511788	0.695043557	1.874210512	0.101698932	0.006251108	1.238006504	0.003761452	0	0.313822716	0.48202142	0.060443723	1	1	0	1.93449845	0	0	0	0	0	41.32916667	-106.1613889	3.93379088	1.38560627
1936	V	0	0	0	0	0	0	0	0	0	0	0	1	0	9/22/2009	2.964730921	3.175511813	4.634940539	0.953276337	1.209515015	1.079181246	3.037824751	3.303843775	0.05422991	0.003891166	0.602059991	0.597695186	1.062957834	0.16446075	0	0.240792932	0.102638106	0.062417743	0.008948672	0.339044721	0.269602869	0.03416471	1.065801404	0.00020713	1.480785275	1.75714259	0.128162031	0.204080962	0.444483702	0.088611085	0.074733489	5	2	0	2.18752072	0	0	0	1	0	44.76413	-104.502266	3.55022835	3.45220058
