SAMPLE	TYPE	Acari	Baetis	Brachycentrus_americanus	Capniidae	Chloroperlidae	Cinygmula	Cleptelmis	D_coloradensis_flavilinea	D_grandis_spinifera	Ephemerella	Heterlimnius	Hexatoma	Micrasema	Micropsectra	Nematoda	Orthocladius	Pericoma	R_brunnea	Simulium	Sphaeriidae	Taeniopterygidae	Turbellaria	Zapada_cinctipes	Ceratopogoninae	Dicranota	Diphetor	Dolophilodes	Doroneuria	Drunella_doddsi	Naididae	Oligophlebodes	Pagastia	Paraleptophlebia	Parapsyche	Prosimulium	R_betteni	Ameletus	Diamesa	Epeorus	Hydrobaenus	Tvetenia	Zapada_oregonensis	Chelifera	Cricotopus_Nostococladius	Rheotanytarsus	Stempellina	Acentrella	Atherix	Claassenia	Hesperoperla	Lepidostoma	Optioservus	Pteronarcys	R_coloradensis	Rhithrogena	Zaitzevia	Antocha	Eukiefferiella	Hydropsyche	Neothremma	Glossosoma	R_pellisa	Brillia	Megarcys	Polypedilum	Serratella	Arctopsyche	Clinocera	Pteronarcella	Skwala	Parorthocladius	R_hyalinata	Apatania	Narpus	Potthastia	Brachycentrus_occidentalis	Wiedemannia	Cladotanytarsus	Ochrotrichia	Agraylea	Hydroptila	Rheocricotopus	Corynoneura	Tanytarsus	Enchytraeidae	Neophylax	Heptagenia_Nixe	Agapetus	Helicopsyche	Isoperla	Microcylloepus	Physidae	Protoptila	Thienemannimyia	Tipula	Tricorythodes	Petrophila	Coenagrionidae	Dubiraphia	Microtendipes	Nectopsyche	Oecetis	Psychomyiidae	Parametriocnemus	Cheumatopsyche	Malenka	Dixidae	Gomphidae	Hyalella	Ancylidae	Dytiscidae	Gammarus	Hemerodromia	Thienemanniella	Cricotopus_bicinctus	Caenis	Stempellinella	Chaetocladius	Caudatella	Zapada_columbiana	Cricotopus_trifascia	Sublettea	Fallceon_quilleri	Pisidiidae	Cricotopus_Cricotopus
6	V	0	141	0	2	2	3	0	0	1	0	0	0	1	0	2	8	0	0	0	0	0	0	31	0	0	0	0	8	38	0	0	0	0	0	0	0	1	13	10	0	0	0	0	0	0	0	0	0	0	8	0	0	0	0	13	0	1	1	1	1	0	0	0	0	0	0	0	0	0	0	0	0	0	0	0	0	0	0	0	0	0	0	0	0	0	0	0	0	0	0	0	0	0	0	0	0	0	0	0	0	0	0	0	0	0	0	0	0	0	0	0	0	0	0	0	0	0	0	0	0	0	0	0	0	0
7	V	2	30	3	7	11	33	0	1	0	5	16	0	20	9	2	3	0	14	1	1	0	2	56	0	0	0	9	15	41	0	0	0	1	1	0	0	0	0	1	0	0	0	0	1	0	0	0	0	0	0	0	0	0	0	1	1	0	0	2	2	1	3	0	0	0	0	0	0	0	0	0	0	0	0	0	0	0	0	0	0	0	0	0	0	0	0	0	0	0	0	0	0	0	0	0	0	0	0	0	0	0	0	0	0	0	0	0	0	0	0	0	0	0	0	0	0	0	0	0	0	0	0	0	0	0
10	C	0	132	17	0	19	1	0	0	1	1	8	0	0	2	0	5	12	0	0	0	15	0	18	0	0	0	2	0	3	0	0	2	0	0	4	0	0	0	0	0	0	0	0	0	0	0	0	1	0	4	0	0	0	0	36	0	1	0	0	0	0	0	2	0	0	0	8	0	3	3	0	0	0	0	0	0	0	0	0	0	0	0	0	0	0	0	0	0	0	0	0	0	0	0	0	0	0	0	0	0	0	0	0	0	0	0	0	0	0	0	0	0	0	0	0	0	0	0	0	0	0	0	0	0	0
13	C	7	4	0	0	14	96	0	6	0	0	30	0	0	0	0	34	1	0	1	0	7	13	2	0	0	0	0	0	2	0	0	0	0	1	0	5	2	1	1	8	4	29	0	0	0	0	0	0	0	0	0	0	0	0	6	0	0	0	0	13	0	0	0	8	0	0	0	0	0	0	0	0	0	0	0	0	0	0	0	0	0	0	0	0	0	0	0	0	0	0	0	0	0	0	0	0	0	0	0	0	0	0	0	0	0	0	0	0	0	0	0	0	0	0	0	0	0	0	0	0	0	0	0	0	0
14	C	15	37	24	0	12	0	0	0	5	2	1	1	0	0	0	25	0	0	0	0	0	0	0	0	1	0	0	0	0	0	0	0	3	0	0	0	0	0	1	0	0	0	0	3	0	1	0	2	0	4	89	53	0	0	10	1	0	0	1	0	0	0	0	0	1	0	2	0	1	2	0	0	0	0	0	0	0	0	0	0	0	0	0	0	0	0	0	0	0	0	0	0	0	0	0	0	0	0	0	0	0	0	0	0	0	0	0	0	0	0	0	0	0	0	0	0	0	0	0	0	0	0	0	0	0
16	C	21	28	34	1	17	14	1	1	0	0	15	0	60	0	0	15	0	1	0	0	0	0	0	0	0	0	1	0	3	0	0	30	0	0	0	0	8	1	0	0	4	0	0	0	0	0	4	0	0	0	0	0	0	2	11	0	5	2	0	0	3	0	0	0	0	4	0	0	0	0	0	0	3	0	4	0	0	0	0	0	0	0	0	0	0	0	0	0	0	0	0	0	0	0	0	0	0	0	0	0	0	0	0	0	0	0	0	0	0	0	0	0	0	0	0	0	0	0	0	0	0	0	0	0	0
19	C	5	109	2	0	1	0	0	1	2	27	0	0	1	0	0	2	0	0	0	0	5	0	0	0	0	0	0	0	43	0	0	1	0	0	0	0	0	1	0	0	0	0	1	0	0	0	0	3	1	0	0	27	1	2	13	2	8	0	25	0	6	0	0	0	0	0	0	1	3	0	0	0	0	0	0	0	0	7	0	0	0	0	0	0	0	0	0	0	0	0	0	0	0	0	0	0	0	0	0	0	0	0	0	0	0	0	0	0	0	0	0	0	0	0	0	0	0	0	0	0	0	0	0	0	0
27	C	8	44	0	1	6	7	16	0	0	0	24	0	7	19	6	6	4	8	0	2	4	22	39	0	0	0	3	2	6	5	8	21	13	0	0	0	0	1	0	0	0	0	0	1	0	0	0	0	0	5	0	4	0	0	0	0	0	0	0	0	4	0	0	0	0	0	0	0	0	0	0	0	0	0	0	0	0	0	0	0	0	0	0	0	1	1	0	0	0	0	0	0	0	0	0	0	0	0	0	0	0	0	0	0	0	0	0	0	0	0	0	0	0	0	0	0	0	0	0	0	0	0	0	0	0
39	C	8	62	0	1	3	10	4	0	1	0	24	0	29	1	0	7	0	6	0	3	1	8	57	0	0	0	4	1	13	0	0	1	1	0	0	0	1	0	0	0	6	0	0	7	13	1	0	0	0	0	0	0	0	0	0	0	3	2	0	11	1	2	4	0	0	0	0	0	0	0	0	0	0	0	0	0	0	0	0	0	0	0	0	0	0	0	0	0	0	0	0	0	0	0	0	0	0	0	0	0	0	0	0	0	0	0	0	0	0	0	0	0	0	0	0	0	0	0	0	0	0	0	0	0	0
42	C	1	68	0	0	0	0	14	1	1	0	3	0	33	1	1	9	0	3	1	8	0	0	11	0	1	3	0	0	0	1	41	5	6	0	1	0	0	0	0	0	1	0	0	2	0	0	0	0	0	0	0	2	0	0	0	0	0	0	0	76	0	0	0	0	0	0	0	0	0	0	0	0	0	0	0	0	0	0	0	0	0	0	0	0	0	0	1	0	0	0	0	0	0	1	2	0	0	0	0	0	0	0	0	0	0	0	0	0	0	0	0	0	0	0	0	0	0	0	0	0	0	0	0	0	0
72	C	2	15	0	0	0	0	0	0	0	1	0	0	1	8	0	1	0	0	30	5	0	0	0	0	0	111	0	0	0	0	0	0	7	0	0	0	0	0	0	0	5	0	0	0	0	0	0	0	0	6	8	44	0	0	0	0	0	0	1	0	0	0	0	0	0	0	0	0	0	0	0	0	0	0	0	2	0	0	0	0	1	0	0	0	0	0	0	0	0	2	0	0	0	0	1	18	0	0	0	0	0	0	0	1	0	0	12	0	0	0	1	6	2	2	0	0	0	0	0	0	0	0	0	0	0
74	C	6	32	0	0	0	0	0	0	0	0	0	0	0	0	0	1	0	0	23	2	0	0	0	2	2	0	0	0	0	3	0	0	0	0	0	0	0	0	0	0	5	0	0	0	0	0	0	0	0	6	10	43	0	0	0	0	0	0	7	0	0	0	0	0	0	0	0	0	0	0	0	0	0	0	0	41	0	0	0	0	15	0	0	0	0	0	0	0	0	0	0	38	0	0	0	1	0	0	0	0	0	0	0	0	1	0	0	0	0	0	0	57	2	0	0	0	0	0	0	0	0	0	0	0	0
87	C	1	20	0	0	2	20	0	0	0	0	4	0	0	0	0	0	5	4	0	0	5	9	4	0	0	0	0	0	4	0	0	0	1	0	0	2	1	0	13	0	1	4	0	0	0	0	5	0	0	0	0	0	0	0	2	0	0	0	0	160	21	0	0	1	0	0	0	0	0	0	0	1	2	0	0	0	0	0	0	0	0	0	0	1	0	2	0	0	0	0	0	0	0	0	0	0	0	0	0	0	0	0	0	0	0	0	0	0	0	0	0	0	0	0	0	0	1	1	0	0	0	0	0	0	0
88	C	6	20	0	0	3	10	0	8	10	0	0	0	0	0	0	20	16	1	3	0	15	1	1	0	0	0	0	0	20	0	1	1	0	0	0	0	0	8	8	0	0	14	0	0	0	0	0	0	0	1	0	0	0	0	23	0	0	14	0	66	0	1	0	0	0	3	0	2	0	0	2	1	19	0	0	0	0	0	0	0	0	0	0	0	0	0	0	0	0	0	0	0	0	0	0	0	0	0	0	0	0	0	0	0	0	0	0	0	0	0	0	0	0	0	0	0	0	0	0	0	0	0	0	0	0
90	C	6	31	0	2	1	54	0	16	0	0	6	1	0	1	0	1	36	2	0	0	0	18	4	0	0	0	0	0	2	0	0	0	0	10	1	5	0	0	4	0	0	4	2	0	0	1	0	0	0	0	0	0	0	0	0	0	0	0	0	70	9	0	0	1	0	0	0	0	0	0	0	0	9	0	0	0	0	0	0	0	0	0	0	0	0	0	0	0	0	0	0	0	0	0	0	0	0	0	0	0	0	0	0	0	0	0	0	0	0	0	0	0	0	0	0	0	1	0	0	0	0	0	0	0	0
96	V	15	64	0	1	1	8	0	4	15	0	0	0	0	0	0	14	0	3	0	0	0	0	0	0	1	0	0	0	49	0	0	2	0	9	0	0	0	0	4	0	1	0	4	59	0	0	0	0	0	0	0	0	0	0	4	0	0	0	0	5	1	6	0	2	0	3	0	0	0	0	0	0	0	0	0	0	0	0	0	0	0	1	0	0	1	0	0	0	0	4	0	0	0	0	0	0	0	0	0	0	0	0	0	0	0	0	0	0	0	0	0	0	0	0	0	0	0	0	8	0	0	0	0	0	0
103	V	5	13	6	0	0	0	0	0	1	2	0	2	0	0	0	5	0	0	0	0	0	0	0	0	0	0	0	2	3	1	0	0	4	0	0	0	0	0	2	0	0	0	0	0	0	0	8	0	0	0	48	11	0	0	36	4	0	0	20	0	96	0	0	0	0	0	0	0	0	0	0	0	1	0	0	0	0	1	0	0	0	0	0	0	0	0	0	0	0	4	0	3	21	0	0	0	0	0	0	0	0	0	0	0	0	0	0	0	0	0	0	0	0	0	0	0	0	0	0	0	0	0	0	0	0
106	C	43	2	64	0	3	25	0	0	1	12	0	0	0	1	0	8	3	0	0	0	2	0	4	0	0	0	0	0	2	0	0	0	0	0	0	0	0	0	0	0	11	0	1	2	2	0	1	0	0	0	0	0	0	0	43	0	1	0	3	0	0	0	0	0	0	3	41	10	0	0	0	0	1	0	0	0	0	0	0	0	0	0	0	0	0	0	0	0	0	1	0	0	0	0	0	0	0	0	0	0	0	0	0	1	0	0	0	0	0	0	2	0	0	0	0	0	0	0	0	1	0	0	0	0	0
110	C	9	5	1	0	1	0	1	0	6	2	0	5	0	0	0	2	0	0	0	0	0	0	0	0	0	0	0	0	5	0	1	1	0	0	0	0	0	0	0	0	0	0	0	0	1	0	19	2	0	0	8	9	0	0	101	1	0	8	28	0	69	0	0	0	0	1	0	0	0	4	0	0	1	0	0	0	0	1	0	0	0	0	0	0	0	0	0	0	0	2	0	0	0	0	0	0	0	0	0	0	0	0	0	0	0	0	0	0	0	0	0	0	0	0	0	0	0	0	0	0	0	0	0	0	0
114	C	0	12	0	0	15	20	0	0	3	6	30	0	2	0	0	0	0	1	0	1	0	0	23	0	0	0	3	4	10	0	28	1	0	16	0	1	0	0	0	0	1	4	0	4	0	0	0	0	0	0	0	0	0	0	60	0	1	0	0	26	14	1	0	2	0	0	0	0	0	0	0	0	0	0	0	0	0	0	0	0	0	0	0	0	2	1	0	0	0	0	0	0	0	0	0	0	0	0	0	0	0	0	0	0	0	0	0	0	0	0	0	0	0	0	0	0	0	0	2	1	0	0	0	0	0
118	V	8	9	0	1	29	14	0	0	0	0	0	0	0	0	0	0	0	5	0	0	10	0	10	0	0	0	0	0	35	0	4	0	0	11	0	0	2	0	35	0	0	6	1	3	0	0	0	0	0	0	0	0	0	0	87	0	0	0	0	1	0	1	0	6	0	1	1	0	0	0	0	0	0	0	0	0	0	0	0	0	0	0	0	0	0	0	0	0	0	0	0	0	0	0	0	0	0	0	0	0	0	0	0	0	0	0	0	0	0	0	0	0	0	0	0	0	0	0	16	0	0	0	0	0	0
121	C	4	8	5	0	6	3	0	0	3	19	0	0	0	0	0	1	0	0	0	0	0	0	0	0	0	0	0	0	0	0	0	1	1	0	0	0	0	0	1	0	0	1	0	9	0	0	0	0	0	6	2	10	1	2	23	2	0	1	35	0	108	0	0	0	1	0	1	0	0	0	0	0	18	0	0	23	0	2	0	0	0	0	0	0	0	0	0	0	0	1	0	0	0	0	0	0	0	0	0	0	0	0	0	0	0	0	0	0	0	0	0	0	0	0	0	0	0	1	0	0	0	0	0	0	0
124	C	3	2	2	0	2	4	0	0	13	9	0	0	0	0	0	3	0	0	1	0	0	0	0	0	0	0	0	0	0	1	0	0	10	0	0	0	0	0	0	0	0	0	0	0	0	0	0	3	0	1	117	20	0	0	11	0	1	4	3	0	0	0	0	0	0	0	2	0	3	0	0	0	0	0	0	81	0	0	0	0	0	0	0	0	0	0	0	0	0	4	0	0	0	0	0	0	0	0	0	0	0	0	0	0	0	0	0	0	0	0	0	0	0	0	0	0	0	0	0	0	0	0	0	0	0
126	C	2	4	1	1	15	11	0	5	2	54	47	0	3	3	1	0	26	1	0	0	0	1	17	0	0	0	0	2	12	0	62	0	0	1	0	0	2	0	0	2	0	1	0	0	0	0	0	0	0	0	0	0	0	0	0	0	2	0	0	0	6	0	0	0	0	0	0	0	0	0	0	0	0	0	0	0	0	0	0	0	0	0	0	0	3	1	0	0	0	0	0	0	0	0	0	0	0	0	0	0	0	0	0	0	0	0	0	0	0	0	0	0	0	0	0	0	0	0	0	0	0	0	0	0	0
127	C	2	53	0	0	19	21	0	5	1	14	36	0	0	0	2	2	0	0	5	4	15	3	8	0	1	0	0	0	18	1	28	1	0	4	0	0	1	0	0	0	0	5	0	18	0	0	0	0	0	1	0	1	0	0	11	0	0	0	0	0	2	0	1	2	0	0	0	0	0	0	0	0	0	0	0	0	0	0	0	0	0	2	0	0	8	0	0	0	0	5	0	0	0	0	0	0	0	0	0	0	0	0	0	0	0	0	0	0	0	0	0	0	0	0	0	0	0	0	0	0	0	0	0	0	0
128	V	3	5	0	2	6	41	0	1	0	5	9	1	0	0	0	1	0	0	0	0	32	0	0	0	0	0	0	0	29	1	1	0	0	0	0	0	13	0	1	0	0	0	0	3	0	0	0	0	0	0	0	0	0	0	133	0	0	1	0	0	2	1	0	2	0	0	0	0	0	0	0	0	0	0	0	0	0	0	0	0	0	0	0	1	0	0	0	0	0	5	0	0	0	0	0	0	0	0	0	0	0	0	0	0	0	0	0	0	0	0	0	0	0	0	0	0	0	0	0	0	0	0	0	0	0
129	C	11	32	0	1	5	45	0	1	0	0	0	3	0	0	0	0	0	0	0	0	61	2	2	0	0	0	0	0	5	0	4	0	0	5	0	0	7	0	7	0	0	12	0	0	0	0	0	0	0	0	1	0	0	0	85	0	0	0	0	0	0	0	0	1	0	0	0	0	0	0	0	3	0	0	0	0	0	0	0	0	0	0	0	0	0	0	0	0	0	0	0	0	0	0	0	0	0	0	0	0	0	0	0	0	0	0	0	0	0	0	0	0	0	0	0	0	0	0	0	7	0	0	0	0	0
130	C	8	29	0	1	4	11	0	0	0	0	2	3	0	0	1	0	0	0	0	0	27	1	0	0	0	0	0	0	2	0	14	0	0	8	0	0	2	0	20	0	0	3	0	0	0	0	0	0	0	0	0	0	0	0	114	0	0	0	0	0	0	0	0	6	0	0	30	0	0	0	0	6	1	0	0	0	0	0	0	0	0	0	0	0	0	0	0	0	0	1	0	0	0	0	0	0	0	0	0	0	0	0	0	0	0	0	0	0	0	0	0	0	0	0	0	0	0	0	0	5	0	0	0	0	0
134	C	2	65	6	0	4	19	0	0	1	35	2	2	16	0	0	0	6	3	2	2	0	0	4	1	0	1	0	0	6	0	8	0	11	0	0	0	0	0	0	0	0	1	0	2	0	0	0	0	0	0	0	28	0	2	52	1	0	0	3	0	4	1	1	0	0	0	5	0	0	0	0	1	0	0	0	0	0	0	0	1	0	0	0	1	0	0	0	1	0	0	0	0	0	0	0	0	0	0	0	0	0	0	0	0	0	0	0	0	0	0	0	0	0	0	0	0	0	0	0	0	0	0	0	0	0
136	C	5	10	0	8	7	5	0	1	0	0	0	0	0	5	0	0	1	8	0	0	5	12	22	0	5	0	0	0	2	0	0	0	0	1	0	0	0	0	1	2	1	1	0	0	0	0	0	0	0	0	1	0	0	0	16	0	0	0	0	0	0	0	0	1	0	0	0	0	0	0	0	0	0	0	0	0	0	0	0	0	0	0	1	0	0	0	0	0	0	0	0	0	0	0	1	0	0	0	0	0	0	0	0	0	0	0	0	0	0	0	0	0	0	0	0	0	0	0	0	7	0	0	0	0	0
137	C	5	9	0	0	7	17	0	3	0	0	0	0	0	0	0	1	1	0	0	0	39	2	5	0	1	0	0	0	2	0	0	0	0	4	0	4	15	0	31	13	1	2	0	0	0	0	0	0	0	0	0	0	0	0	40	0	0	0	0	2	0	1	0	0	0	0	0	0	0	0	0	1	0	0	0	0	0	0	0	0	0	0	1	0	0	0	0	0	0	3	0	0	0	0	0	0	0	0	0	0	0	0	0	0	0	0	0	0	0	0	0	0	0	0	0	0	0	1	0	28	0	0	0	0	0
138	C	19	12	31	0	2	16	2	0	29	30	0	0	2	0	0	12	0	3	0	0	1	0	0	0	0	0	0	0	8	0	48	1	0	0	0	0	0	1	0	0	0	0	0	9	0	0	0	0	0	0	2	17	0	0	13	2	8	2	1	0	6	0	0	0	0	0	14	0	0	3	0	0	0	0	0	0	0	0	0	0	0	0	0	0	0	0	0	0	0	4	0	0	0	0	0	0	0	0	0	0	0	0	0	0	0	0	0	0	0	0	2	0	0	0	0	0	0	0	0	0	0	0	0	0	0
140	C	7	16	0	1	11	19	0	0	1	0	0	0	0	0	1	1	1	8	0	0	81	1	13	0	0	0	0	0	13	0	8	0	0	14	0	3	4	0	8	0	0	12	0	0	0	0	0	0	0	0	0	0	0	1	33	0	0	0	0	0	0	3	0	7	0	2	6	0	0	0	0	5	0	0	0	0	0	0	0	0	0	0	0	0	0	0	0	0	0	1	0	0	0	0	0	0	0	0	0	0	0	0	0	0	0	0	0	0	0	0	0	0	0	0	0	0	0	0	13	5	0	0	0	0	0
145	C	80	22	4	1	0	9	0	2	0	8	0	0	0	0	0	18	0	0	0	0	16	0	53	0	0	0	0	0	6	0	0	0	0	0	0	0	3	1	4	0	0	3	0	0	0	0	0	0	0	0	0	0	0	0	52	0	0	0	0	0	0	0	0	0	0	0	7	0	0	0	0	4	1	0	0	0	0	0	1	0	0	0	0	0	0	0	0	0	0	0	0	0	0	0	0	0	0	0	0	0	0	0	0	0	0	0	0	0	0	0	0	0	0	0	0	0	0	5	0	0	0	0	0	0	0
146	C	22	21	10	1	6	20	0	0	9	5	0	1	66	5	2	8	1	0	0	1	0	0	0	0	0	0	0	0	1	0	2	0	3	0	0	0	0	0	1	0	1	0	0	18	7	0	0	0	0	2	33	23	0	0	4	5	3	0	1	0	0	0	0	0	0	0	3	0	1	0	0	0	0	0	0	0	0	0	0	0	0	1	0	0	0	0	2	0	2	1	0	0	0	1	0	0	0	0	0	6	0	0	0	0	0	0	0	0	0	0	0	0	0	0	0	0	0	0	0	0	0	0	0	0	0
147	C	25	38	8	0	5	1	0	0	0	2	0	1	0	0	2	4	2	0	1	0	0	0	3	1	0	0	0	0	22	3	0	1	0	0	0	0	0	0	1	0	1	0	0	84	0	0	3	0	0	3	8	1	0	1	54	0	0	0	0	0	19	0	0	0	0	0	4	0	0	0	0	0	1	0	0	0	0	0	0	0	0	1	0	0	0	0	0	0	0	0	0	0	0	0	0	0	0	0	0	0	0	0	0	0	0	0	0	0	0	0	0	0	0	0	0	0	0	0	0	0	0	0	0	0	0
180	C	0	43	0	0	5	0	0	0	1	90	0	0	0	0	0	0	0	0	2	0	0	0	0	0	0	0	0	0	0	1	0	0	4	0	0	0	0	0	0	0	0	0	1	0	0	0	0	0	5	3	15	25	0	0	34	1	0	0	45	0	0	0	0	0	0	0	0	0	7	0	0	0	0	0	0	2	0	0	0	0	0	0	0	0	0	0	0	0	0	11	0	0	0	1	0	1	0	0	0	0	0	0	0	0	0	0	0	0	0	0	1	0	0	0	0	0	0	0	0	0	0	0	0	0	0
181	C	5	18	34	0	2	8	1	0	4	14	0	2	6	0	0	2	0	0	0	0	0	0	0	0	0	0	0	0	11	1	9	0	7	0	0	0	0	0	3	0	0	0	0	1	0	0	0	3	0	0	6	28	0	6	27	2	1	0	54	0	36	0	0	0	0	0	5	0	0	0	0	0	0	0	0	0	0	1	0	1	0	0	0	0	0	0	0	0	0	2	0	0	0	0	0	0	0	0	0	0	0	0	0	0	0	0	0	0	0	0	0	0	0	0	0	0	0	0	0	0	0	0	0	0	0
183	C	2	26	0	1	2	2	0	1	1	0	0	0	0	2	0	4	1	6	0	0	37	0	0	1	0	0	0	0	5	0	4	1	0	5	0	2	0	0	40	0	0	2	1	0	0	0	0	0	0	0	0	0	0	0	14	0	0	2	0	1	0	9	0	7	0	1	0	0	0	0	0	8	1	0	0	0	0	0	0	0	0	0	0	0	0	0	0	0	0	0	0	0	0	0	0	0	0	0	0	0	0	0	0	0	0	0	0	0	0	0	0	0	0	0	0	0	0	2	15	0	0	0	0	0	0
187	C	5	0	0	0	0	0	0	0	0	0	0	0	0	1	1	0	0	0	23	3	0	0	0	7	0	0	0	0	0	4	0	0	0	0	0	0	0	0	0	0	0	0	0	0	75	0	0	0	0	0	0	0	0	0	0	0	0	0	0	0	0	0	0	0	0	0	0	0	0	0	0	0	0	0	0	0	0	0	0	0	0	0	0	0	0	0	0	0	0	0	1	3	0	2	1	0	0	4	34	0	0	1	0	0	74	0	0	1	29	0	1	0	6	0	3	18	0	0	0	0	0	0	0	0	0
191	C	0	2	0	0	0	0	0	0	0	0	0	0	0	1	0	0	0	0	91	0	0	0	0	0	0	0	0	0	0	1	0	0	0	0	0	0	0	0	0	0	0	0	0	0	0	0	0	0	0	0	0	0	0	0	0	0	0	0	46	0	0	0	0	0	0	0	0	0	0	0	0	0	0	0	0	0	0	0	0	0	0	0	0	0	0	0	0	0	0	0	5	0	0	1	0	17	0	0	1	0	0	1	0	0	70	0	0	0	0	0	0	0	1	0	0	0	0	0	0	0	0	0	0	0	0
203	C	1	76	0	0	1	0	0	0	0	1	0	0	0	0	0	2	0	0	0	0	0	4	0	0	0	4	0	0	0	3	0	0	0	0	0	0	0	0	0	0	1	0	0	0	0	0	22	0	0	0	0	0	0	0	20	0	0	0	14	0	0	0	0	0	0	0	0	0	0	0	0	0	0	0	0	3	0	0	0	0	1	5	0	0	0	0	1	0	2	0	39	0	0	0	0	52	1	0	1	0	6	0	0	0	18	0	0	2	0	0	0	0	0	0	0	0	0	0	0	0	0	0	0	0	0
204	C	2	13	1	0	2	0	0	0	3	1	0	0	0	1	0	4	0	0	6	0	0	2	1	0	0	0	0	0	0	0	0	2	18	0	3	0	0	1	0	0	1	0	0	0	0	0	0	0	0	0	3	16	0	0	41	3	0	0	154	0	0	0	1	0	0	0	0	0	17	1	0	0	0	0	0	0	0	0	0	0	0	0	0	0	0	0	0	0	1	0	1	0	0	0	0	0	1	0	0	0	0	0	0	0	0	0	0	0	0	0	0	0	0	0	0	0	0	0	0	0	0	0	0	0	0
220	C	15	60	49	2	12	1	0	0	2	11	8	0	5	43	0	0	1	2	3	0	1	0	2	0	0	0	0	0	2	2	0	7	1	0	0	0	2	0	0	0	2	0	0	0	0	0	0	0	0	2	0	3	0	0	15	9	1	1	0	0	14	0	0	0	0	0	12	0	0	1	0	0	0	1	0	0	0	0	0	1	0	1	0	0	0	0	0	0	0	4	0	0	0	0	0	0	0	0	0	0	0	0	0	0	0	0	0	0	0	0	0	0	0	0	0	0	0	0	0	0	0	0	0	0	0
221	C	5	2	0	2	0	0	11	0	5	0	0	1	0	0	0	1	0	0	2	0	0	0	0	0	0	0	0	0	0	0	0	0	29	0	0	0	0	0	0	0	0	0	0	9	0	0	0	0	0	0	2	53	0	0	0	19	0	4	22	0	0	0	0	0	0	0	0	0	45	0	0	0	0	0	0	6	0	0	0	0	0	0	0	0	0	0	0	0	26	0	0	9	0	8	0	5	0	0	1	0	0	8	0	0	17	2	0	0	3	0	1	0	0	0	0	0	0	0	0	0	0	0	0	0	0
222	C	0	50	2	0	6	2	2	0	0	7	8	0	0	0	2	0	2	2	1	0	0	0	1	2	0	0	0	0	15	0	1	62	1	0	0	0	0	2	5	0	6	1	1	27	0	0	0	0	0	3	0	1	0	0	29	0	0	2	3	0	5	0	0	0	0	1	24	0	0	0	0	0	0	0	2	0	0	0	0	0	0	0	0	4	0	0	0	0	0	13	0	0	0	0	0	0	0	0	0	0	0	0	0	0	0	0	0	0	0	0	0	0	0	0	1	0	0	0	0	0	0	0	0	0	0
225	V	2	75	0	0	40	4	0	0	0	0	0	0	10	0	0	0	0	3	0	0	0	3	18	2	1	1	0	0	2	0	0	0	5	0	0	0	0	0	7	0	1	0	0	5	0	0	0	0	0	1	0	13	0	0	26	53	0	0	0	0	0	2	1	0	0	3	0	0	0	0	0	0	0	4	0	0	0	0	0	0	0	2	0	5	1	0	0	0	0	0	0	0	0	0	0	0	0	0	0	0	0	0	0	0	0	7	0	0	0	0	0	0	0	0	0	0	0	1	0	0	0	0	0	0	0
230	C	31	7	16	0	23	0	0	0	1	9	0	0	0	0	0	0	0	2	0	0	0	2	0	0	0	0	0	0	6	0	17	4	18	0	0	0	5	1	0	0	0	0	0	0	0	0	1	1	3	0	13	9	0	0	38	37	0	2	6	0	0	1	0	0	0	0	1	0	1	0	0	0	0	1	1	31	0	0	2	0	0	0	0	0	0	0	0	8	0	0	0	0	0	0	0	0	0	0	0	0	0	0	0	0	0	0	0	0	0	0	1	0	0	0	0	0	0	0	0	0	0	0	0	0	0
231	C	3	26	0	0	0	0	0	0	0	8	0	0	0	0	1	0	0	0	4	0	0	0	0	0	0	1	0	0	0	1	0	0	0	0	0	0	1	0	0	0	9	0	0	3	1	0	9	3	2	0	0	4	1	2	0	5	0	3	75	0	9	0	0	0	0	0	1	0	0	0	0	0	0	0	0	4	0	0	0	0	0	0	0	0	0	0	3	0	1	1	0	0	34	0	0	10	0	0	0	3	0	8	20	0	3	0	0	0	0	27	0	0	1	0	0	0	2	0	0	0	0	0	0	0	0
233	C	29	67	0	0	24	4	1	0	0	1	24	0	17	2	0	1	5	4	18	0	1	0	7	0	0	0	0	0	19	0	0	12	2	0	0	0	6	2	6	0	1	0	0	0	0	0	0	0	0	2	0	0	0	4	4	0	0	1	0	0	1	1	0	0	0	1	22	0	0	0	0	0	0	0	2	0	0	0	1	0	0	3	0	2	0	0	0	0	0	1	0	0	0	0	0	0	0	0	0	0	0	0	0	0	0	1	0	0	0	0	0	0	0	0	0	0	0	0	0	0	0	0	0	0	0
234	C	6	14	1	1	22	15	10	1	0	12	5	1	24	4	0	0	5	1	0	1	0	0	0	0	1	1	0	0	0	0	5	3	14	0	0	0	0	0	0	0	21	1	0	31	0	1	0	0	1	0	0	18	0	0	30	28	0	2	0	0	4	0	0	0	0	0	0	0	0	3	0	0	0	0	0	0	0	0	0	0	0	3	0	5	1	0	0	0	0	2	0	0	0	1	0	0	0	0	0	0	0	0	0	0	0	0	0	0	0	0	0	0	0	0	0	0	0	0	0	0	0	0	0	0	0
235	C	9	65	9	0	8	3	0	0	1	2	9	0	7	6	0	0	1	2	2	0	0	0	3	0	1	0	1	0	4	0	91	4	2	0	0	0	4	1	0	0	3	0	0	0	0	0	0	0	1	0	3	2	0	0	7	1	0	1	0	2	1	0	0	0	4	0	3	0	0	1	0	0	0	0	1	0	0	0	0	21	0	2	0	3	0	0	0	0	0	0	0	0	0	1	0	0	0	0	0	0	0	0	0	0	0	0	0	0	0	0	0	0	0	0	0	0	0	0	0	0	0	6	0	0	0
236	C	7	68	0	0	16	1	0	0	0	1	16	1	5	3	1	9	1	8	7	0	2	0	19	0	0	0	15	0	34	0	0	14	0	0	0	0	0	11	4	0	2	0	0	0	0	0	0	0	0	1	0	1	0	6	2	0	0	10	0	0	0	2	0	1	0	1	22	0	0	0	0	0	0	1	1	0	1	0	0	0	0	1	0	0	0	0	0	0	0	3	0	0	0	1	0	0	0	0	0	0	0	0	0	0	0	1	0	0	0	0	0	0	0	0	0	0	0	0	0	0	0	0	0	0	0
237	C	26	27	8	0	50	2	0	0	1	6	37	3	2	3	0	1	2	4	0	0	0	0	5	0	1	0	0	0	18	0	1	4	0	0	0	0	2	0	1	0	2	0	0	0	0	0	1	0	0	0	0	0	0	3	37	3	0	1	0	1	1	5	0	0	0	0	31	0	0	1	0	0	0	0	1	0	0	0	0	0	0	4	0	0	0	0	0	0	0	1	0	0	0	0	0	0	0	0	0	0	0	0	0	0	0	0	0	0	0	0	1	0	0	0	0	0	3	0	0	0	0	0	0	0	0
238	C	25	20	42	0	12	0	0	0	1	9	1	1	0	3	1	0	1	0	0	23	0	0	0	0	0	0	0	0	1	16	23	2	3	0	0	0	9	0	0	0	0	0	0	0	0	0	0	2	1	0	40	3	0	1	22	11	0	0	3	0	0	0	0	0	0	0	0	0	1	0	0	0	0	0	0	0	0	0	0	1	0	0	0	3	1	0	0	1	0	2	0	0	0	0	0	0	0	0	0	0	0	0	0	0	0	0	0	0	0	0	2	0	0	0	0	0	2	0	0	0	0	0	0	0	0
248	C	18	0	0	1	0	0	1	0	17	40	0	0	3	0	0	1	0	0	0	7	0	0	0	0	0	0	0	0	0	1	0	26	7	0	0	0	1	0	0	0	4	0	0	30	0	0	0	0	0	1	31	13	0	0	11	0	0	13	0	0	3	0	0	0	2	0	0	0	0	0	0	0	1	0	3	1	0	3	0	0	1	0	0	0	1	0	0	0	0	8	0	2	0	4	0	0	0	0	0	18	0	0	0	0	0	0	0	0	0	0	0	0	0	0	0	0	0	0	0	0	0	7	0	0	0
250	C	0	62	0	0	1	3	0	0	0	23	0	0	0	1	0	3	0	0	15	0	0	0	0	0	0	0	0	0	0	2	0	0	8	0	0	0	0	0	0	0	0	0	0	0	2	0	5	1	0	0	12	7	0	0	53	0	0	11	80	0	0	0	0	0	0	0	0	0	1	0	0	0	0	0	0	3	0	0	0	0	0	0	0	0	0	0	0	0	0	4	0	0	0	0	0	1	0	0	0	0	1	0	0	0	0	0	0	0	0	0	0	0	0	0	0	0	0	0	0	0	1	0	0	0	0
251	C	4	11	0	1	1	0	0	0	0	104	0	2	0	0	0	3	0	0	2	0	0	0	0	0	0	0	0	0	0	0	0	0	0	0	0	0	0	0	0	0	0	0	0	2	1	0	5	0	22	3	17	11	0	0	61	0	0	0	28	0	0	0	0	0	0	0	0	0	4	0	0	0	0	0	0	1	0	3	0	0	2	0	0	0	0	0	0	0	0	0	0	0	0	0	3	5	0	0	0	0	0	2	0	0	0	0	0	0	0	0	0	0	0	0	0	0	0	0	0	0	1	0	0	0	0
253	C	7	8	0	0	0	0	0	0	3	8	0	0	0	0	0	1	0	0	2	0	0	0	0	0	0	0	0	0	0	0	0	0	4	0	0	0	0	0	1	0	0	0	0	20	0	0	0	2	0	0	80	15	0	4	4	2	6	4	19	0	0	0	0	0	0	0	3	0	2	0	0	0	0	0	0	73	0	0	0	0	0	0	0	1	0	0	0	0	0	0	0	4	14	0	0	0	0	0	0	0	0	1	6	0	0	0	0	0	0	4	0	0	1	0	0	0	0	0	0	0	0	1	0	0	0
267	C	2	0	0	0	0	0	0	0	0	0	0	0	0	0	0	0	0	0	0	2	0	0	0	0	0	0	0	0	0	137	0	0	0	0	0	0	0	2	0	0	0	0	0	0	1	0	0	0	0	0	0	1	0	0	0	0	0	0	51	0	0	0	0	0	0	0	0	0	0	0	0	0	0	0	0	0	0	0	0	0	0	0	0	0	3	0	0	0	1	0	0	0	0	0	16	29	0	0	2	1	0	0	0	0	12	0	0	0	0	0	0	0	0	0	0	5	0	0	0	0	1	0	0	0	0
282	C	11	13	6	0	4	18	0	1	3	3	0	0	0	0	0	24	1	0	1	0	27	1	7	0	0	0	0	0	7	0	0	0	0	0	0	0	4	0	2	1	1	0	0	0	0	0	0	1	0	0	0	0	0	0	104	0	0	3	0	0	0	0	0	0	0	6	45	2	0	0	0	0	0	0	0	0	0	0	0	0	0	0	0	0	0	0	0	0	0	0	0	0	0	0	0	0	0	0	0	0	0	0	0	0	0	0	0	0	0	0	0	0	0	0	0	0	0	4	0	0	0	0	0	0	0
284	C	14	68	0	0	3	1	0	4	0	1	0	2	0	0	0	0	0	0	0	0	25	0	1	0	0	0	0	0	14	0	11	0	0	13	0	0	0	0	37	0	1	27	0	0	0	0	0	0	0	0	0	0	0	1	40	0	0	2	0	0	0	0	0	7	0	1	0	1	0	0	0	12	2	0	0	0	0	0	0	0	0	0	0	0	0	2	0	0	0	0	0	0	0	0	0	0	0	0	0	0	0	0	0	0	0	0	0	0	0	0	0	0	0	0	0	0	0	1	0	7	0	0	0	0	0
294	C	4	34	0	0	7	10	0	0	26	10	0	0	0	0	1	2	0	0	1	0	14	0	0	0	0	0	0	0	19	0	0	0	0	1	0	0	0	0	8	0	1	0	0	0	0	0	0	0	0	0	0	0	0	0	132	0	0	0	0	0	0	0	0	1	0	4	19	0	0	0	0	1	0	0	0	0	0	0	0	0	0	0	0	0	0	0	0	0	0	0	0	0	0	0	0	0	0	0	0	0	0	0	0	0	0	0	0	0	0	0	0	0	0	0	0	0	0	0	3	0	0	0	0	0	0
299	C	4	71	0	0	30	0	0	0	0	0	0	0	30	9	0	0	0	0	38	0	0	0	0	0	0	0	0	0	32	0	0	13	0	0	0	0	0	0	4	0	10	0	0	2	0	0	0	0	0	0	0	7	0	0	0	7	0	2	1	0	18	0	0	0	0	0	6	0	0	2	0	0	0	0	0	0	0	0	0	0	0	0	0	2	0	0	0	11	0	0	0	0	0	0	0	0	0	0	0	0	0	0	0	0	0	1	0	0	0	0	0	0	0	0	0	0	0	0	0	0	0	0	0	0	0
300	C	3	91	0	29	0	0	0	0	0	0	0	2	0	0	0	0	0	0	32	0	0	0	0	0	0	0	0	0	0	1	0	0	0	0	0	0	0	0	0	0	0	0	1	0	0	0	0	0	0	0	4	33	0	0	0	6	0	0	14	0	0	0	0	0	0	0	0	0	0	0	0	0	0	0	0	0	0	1	0	0	0	0	0	0	0	0	0	0	2	5	0	0	0	0	0	70	0	0	0	0	0	0	0	0	1	0	0	0	0	0	0	0	3	0	0	0	0	0	0	0	1	0	0	0	0
311	V	0	11	1	1	0	0	0	0	0	6	0	0	0	0	0	0	0	0	5	0	0	0	0	0	3	1	0	0	0	1	0	0	13	0	0	0	0	0	0	0	2	0	0	11	0	0	0	0	0	0	0	114	0	0	0	0	0	0	20	0	0	0	0	0	0	0	0	0	0	0	0	0	0	0	0	1	0	0	0	0	0	0	0	1	0	0	0	0	0	0	0	0	0	1	0	3	0	0	0	94	0	0	0	0	4	0	0	0	0	0	1	0	0	0	0	0	0	0	0	0	0	0	0	0	0
312	C	9	12	0	0	20	7	0	0	0	3	1	0	12	0	0	1	0	0	0	0	0	0	5	0	0	0	5	1	7	0	29	0	0	0	0	0	5	0	7	0	0	1	2	0	0	0	0	4	0	2	0	12	0	5	22	0	0	0	27	0	77	0	0	0	0	0	17	0	0	4	0	0	0	1	0	0	1	0	0	0	0	0	0	0	0	0	0	0	0	0	0	0	0	0	0	0	0	0	0	0	0	0	0	0	0	0	0	0	0	0	0	0	0	0	0	0	0	0	0	0	0	0	0	0	0
316	V	2	1	2	0	1	0	0	0	10	39	0	2	0	0	0	0	0	0	1	0	0	0	0	0	0	0	0	0	0	1	0	0	6	0	0	0	0	0	0	0	0	0	0	0	0	0	3	14	5	0	10	53	0	2	23	21	0	1	52	0	0	0	0	0	0	0	1	0	4	0	0	0	0	0	0	9	0	0	0	0	0	0	0	0	0	0	1	0	0	0	0	0	22	0	0	0	0	0	0	0	0	0	12	0	0	0	0	0	0	0	0	0	0	0	1	0	0	0	0	0	0	0	0	0	0
317	C	3	1	26	0	19	36	9	0	16	5	86	2	10	3	0	14	0	6	0	2	0	0	5	0	0	2	0	5	0	0	0	1	11	1	0	0	4	0	0	1	0	0	0	0	1	0	0	0	0	0	0	0	0	0	8	0	3	0	0	0	0	0	0	0	1	0	0	0	0	0	0	0	6	0	0	0	0	0	0	0	0	0	0	0	0	0	0	0	0	0	0	0	0	0	0	0	0	0	0	0	0	0	0	0	0	0	0	0	0	0	0	0	0	0	0	0	0	0	0	0	0	0	0	0	0
322	C	2	57	6	0	1	3	4	0	0	0	21	0	16	0	0	3	0	2	5	3	0	1	66	0	1	0	0	0	0	0	9	0	10	1	0	0	0	0	0	0	0	0	0	26	0	0	0	0	0	6	0	38	0	0	0	0	0	4	0	0	0	0	0	0	0	0	0	0	0	0	0	0	0	0	0	0	0	0	0	0	0	0	0	0	0	0	0	0	0	0	0	0	0	0	3	0	0	0	0	0	0	0	0	0	0	0	1	0	0	0	9	0	0	0	0	0	0	0	0	0	0	0	0	0	0
337	C	6	8	0	0	0	0	0	0	0	1	0	0	0	0	0	19	0	0	2	0	0	0	0	0	0	0	0	0	0	15	0	0	0	0	0	0	0	0	0	0	0	0	0	0	0	0	0	0	0	0	1	0	0	0	0	0	0	2	89	0	0	0	3	0	0	0	0	0	0	0	0	0	0	0	0	0	0	0	0	0	0	0	3	7	0	0	0	0	0	0	0	22	0	0	0	1	0	5	8	0	0	0	0	0	8	0	0	0	0	0	0	0	0	13	0	0	0	0	0	0	0	0	0	0	0
355	C	7	1	2	0	2	10	0	6	0	0	1	0	0	2	0	17	0	0	0	0	51	7	1	0	0	0	2	0	33	0	1	0	0	11	1	1	1	16	2	0	0	62	0	0	0	0	0	0	0	0	0	0	0	1	32	0	0	2	0	3	0	0	0	12	0	0	0	0	0	0	0	7	0	0	0	0	0	0	0	0	0	0	0	0	3	0	0	0	0	0	0	0	0	0	0	0	0	0	0	0	0	0	0	0	0	0	0	0	0	0	0	0	0	0	0	0	0	2	0	1	0	0	0	0	0
357	C	1	70	0	0	2	0	0	0	0	52	0	0	0	2	0	27	0	0	1	0	0	0	0	0	0	0	0	0	0	0	0	0	15	0	0	0	0	0	19	0	0	0	0	0	0	0	1	2	0	0	4	17	0	0	19	3	2	1	7	0	0	0	0	0	0	0	0	0	2	1	0	0	0	0	0	4	0	0	0	0	0	0	0	0	0	0	0	0	23	19	0	3	0	0	0	0	0	0	0	0	0	0	0	0	0	0	0	0	0	0	0	0	0	0	0	0	0	0	0	0	2	0	0	0	0
358	C	0	2	9	0	13	9	0	0	4	58	0	0	9	2	0	1	1	1	0	0	0	0	4	0	0	1	0	0	6	0	0	0	10	0	0	0	6	0	11	0	0	0	0	1	2	0	0	0	0	0	65	21	0	0	15	7	1	0	21	0	1	0	0	0	0	0	0	0	0	4	0	0	0	0	0	1	0	0	0	0	0	0	0	0	0	0	0	0	0	0	0	0	8	1	0	0	0	0	0	0	0	0	2	0	0	0	0	0	0	0	0	0	0	0	0	0	0	0	0	0	1	0	0	0	0
359	C	0	83	0	0	6	0	0	0	0	50	0	0	0	1	0	32	0	0	2	0	0	0	0	0	0	0	0	0	0	0	0	0	14	0	0	0	0	0	25	0	1	0	0	0	0	0	0	2	0	1	6	27	0	0	10	0	6	2	6	0	0	0	0	0	0	0	1	0	1	0	0	0	0	0	0	13	0	0	0	0	0	0	0	0	0	0	0	0	0	10	0	1	0	0	0	0	0	0	0	0	0	0	0	0	0	0	0	0	0	0	0	0	0	0	0	0	0	0	0	0	0	0	0	0	0
360	C	4	30	23	1	6	47	0	0	10	2	1	1	0	1	1	20	11	3	0	0	1	0	0	2	0	2	0	0	2	4	9	8	6	0	0	0	2	0	8	0	0	0	2	0	1	0	0	0	1	0	9	8	0	2	3	16	0	0	16	0	0	0	0	0	1	0	5	0	0	0	0	0	0	1	3	0	0	0	0	0	0	0	0	0	0	0	0	0	0	0	0	0	0	10	0	0	0	0	0	2	0	0	0	0	0	0	0	0	0	0	0	0	0	0	0	0	0	0	0	0	0	14	0	0	0
361	C	0	22	0	1	0	0	2	0	0	14	0	0	0	0	0	4	0	0	0	1	0	0	0	1	0	0	0	0	0	2	0	0	22	0	0	0	0	0	0	0	2	0	0	0	0	0	0	0	3	0	0	5	0	0	4	7	0	0	42	0	0	0	0	0	1	0	0	0	0	0	0	0	0	0	0	1	0	0	0	0	2	0	0	0	2	0	1	0	7	45	1	0	0	0	0	24	3	0	0	1	1	0	1	0	55	0	0	0	0	21	0	0	1	0	0	0	0	0	0	0	0	0	0	0	0
364	C	0	57	0	1	24	0	0	0	0	0	0	1	11	16	0	15	0	2	0	0	0	0	20	0	0	7	1	0	0	0	0	3	6	0	0	0	2	1	3	0	0	0	0	0	0	0	0	0	4	1	3	4	0	0	0	7	0	49	36	0	0	0	0	0	2	0	0	0	0	3	12	0	0	0	0	0	0	0	0	0	1	2	0	0	0	0	0	0	0	0	0	0	0	1	0	0	0	0	0	0	0	0	0	2	0	0	0	0	0	0	0	0	0	0	0	0	0	0	0	0	0	0	0	0	0
367	C	4	16	33	0	9	3	1	0	17	26	1	1	5	0	0	13	0	0	2	0	0	0	3	0	0	0	0	0	25	0	8	0	2	0	0	0	0	0	2	0	0	0	0	49	0	0	0	4	0	0	1	7	0	0	14	0	3	1	0	0	23	0	0	0	0	0	19	0	0	1	0	0	0	1	0	0	0	0	1	0	0	0	0	0	0	0	0	0	0	3	0	0	0	0	0	0	0	0	0	0	0	0	0	0	0	0	0	0	0	0	0	0	0	0	0	0	0	0	0	0	0	0	0	0	0
368	C	7	30	0	0	7	8	0	0	0	0	2	2	0	0	0	0	0	0	0	0	0	0	0	0	0	0	0	1	0	0	0	0	0	0	0	1	3	0	9	0	0	6	0	0	0	0	0	0	0	0	0	0	0	0	20	0	0	0	0	0	0	1	0	1	0	0	0	0	0	0	0	1	2	0	0	0	0	0	0	0	0	0	0	0	0	0	0	0	0	1	0	0	0	0	0	0	0	0	0	0	0	0	0	0	0	0	0	0	0	0	0	0	0	0	0	0	0	0	0	0	0	0	0	0	0
379	C	1	3	0	0	0	0	0	0	0	31	0	1	0	0	0	0	0	1	103	3	0	0	8	0	0	0	0	0	0	1	0	0	0	0	0	0	0	0	0	0	0	0	0	0	0	0	0	0	0	0	2	22	0	0	0	2	0	2	3	0	0	0	0	0	0	0	0	0	0	0	0	0	0	0	0	49	0	0	0	0	0	0	0	0	0	0	0	0	1	3	0	16	0	0	0	0	0	0	0	0	0	1	0	2	8	0	7	16	0	0	1	0	0	0	1	0	0	0	0	0	0	0	0	0	0
381	C	0	47	0	0	30	0	0	0	0	0	0	2	0	0	0	0	19	0	41	0	0	0	0	0	2	2	0	0	0	0	0	0	7	0	0	0	0	0	0	0	0	0	0	0	1	0	0	0	0	0	1	75	0	0	0	14	0	0	15	0	4	0	1	0	0	0	0	0	0	0	0	0	0	0	0	0	0	0	0	0	0	0	0	0	0	0	0	0	0	0	0	1	0	0	0	0	0	0	0	0	0	0	0	6	31	0	1	0	0	0	0	0	0	0	0	0	0	0	0	0	0	0	0	0	0
391	C	0	72	1	22	0	0	0	0	2	1	0	0	0	0	0	2	0	0	126	0	0	0	1	0	0	1	0	0	0	0	0	0	0	0	0	0	0	0	0	0	4	0	0	0	0	0	0	0	0	0	0	6	0	0	0	7	1	4	21	0	0	0	0	0	0	0	0	0	1	0	0	0	0	0	0	0	0	0	0	0	0	0	0	0	0	0	0	0	0	2	0	0	0	1	0	0	1	0	0	0	0	0	0	0	0	0	0	0	3	0	0	0	0	0	0	0	0	0	0	0	0	0	0	0	0
397	V	0	30	0	2	5	0	0	0	2	66	0	0	0	0	0	36	0	0	0	0	0	0	0	0	0	0	0	0	0	0	0	0	8	0	0	0	0	0	0	0	0	0	0	0	1	0	3	0	1	0	1	15	0	0	1	5	0	0	24	0	16	0	0	0	0	0	0	0	0	0	0	0	0	0	0	13	0	0	0	0	3	0	0	0	0	0	0	0	1	15	0	0	3	1	0	4	0	0	0	4	0	1	11	0	10	0	0	0	0	16	0	0	0	0	0	0	0	0	0	0	0	0	0	0	0
404	V	1	0	0	0	0	0	0	0	0	0	0	0	0	0	1	0	0	0	21	3	0	2	0	2	0	2	0	0	0	3	0	0	0	0	0	0	0	0	0	0	0	0	0	0	0	0	0	0	0	0	0	0	0	0	0	0	0	0	0	0	0	0	0	0	0	0	0	0	0	0	0	0	0	0	0	0	0	0	0	0	0	0	0	0	0	0	0	0	0	0	0	0	0	0	0	0	0	0	0	0	0	0	0	0	55	0	0	0	203	0	0	0	0	2	0	2	0	0	0	0	0	0	0	0	0
622	V	1	23	2	1	9	1	0	0	0	26	0	0	3	0	0	7	5	5	1	0	0	1	14	0	0	0	1	1	0	0	8	1	0	0	0	0	1	0	3	0	0	0	0	0	0	0	0	0	0	1	154	7	0	0	7	1	0	0	13	0	0	0	0	0	1	0	0	0	0	1	0	0	0	0	0	0	0	0	0	0	0	0	0	0	0	0	0	0	0	0	0	0	0	0	0	0	0	0	0	0	0	0	0	0	0	0	0	0	0	0	0	0	0	0	0	0	0	0	0	0	0	0	0	0	0
632	C	5	55	0	0	8	5	0	9	14	0	50	0	47	1	0	0	0	2	7	0	0	0	4	0	0	0	0	8	15	0	0	3	0	2	0	0	0	3	1	0	8	4	0	7	0	0	0	0	0	0	0	0	0	0	1	0	0	10	0	0	16	2	0	0	0	5	0	0	0	0	0	0	2	0	0	0	0	0	0	0	0	0	0	0	0	0	0	0	0	0	0	0	0	0	0	0	0	0	0	0	0	0	0	0	0	0	0	0	0	0	0	0	0	1	0	0	3	0	0	0	0	0	0	0	0
635	V	5	11	4	0	0	3	23	0	1	5	15	0	0	3	1	5	0	1	0	10	0	1	3	0	0	3	0	1	0	0	0	11	6	0	2	0	0	0	0	0	3	0	0	10	5	0	0	0	0	0	0	0	0	0	1	0	0	161	0	0	0	0	0	0	0	3	0	0	0	0	0	0	1	0	0	0	0	0	0	0	0	1	0	0	0	0	0	0	0	0	0	0	0	0	0	0	0	0	0	0	0	0	0	0	0	0	0	0	0	0	0	0	0	0	0	0	0	0	0	0	0	0	0	0	0
638	C	8	41	10	0	10	3	1	0	0	9	4	0	11	0	2	0	1	13	37	1	0	0	12	0	1	0	3	6	8	0	12	0	0	0	0	0	1	0	0	0	0	0	1	4	1	0	0	0	0	1	18	21	0	4	19	0	2	0	25	0	4	0	0	0	0	0	0	0	0	0	0	0	0	0	0	0	0	0	0	0	0	0	0	0	0	0	0	0	0	0	0	0	1	0	0	0	0	0	0	0	0	0	0	0	0	0	0	0	0	0	1	0	0	0	0	0	0	0	0	0	0	0	0	0	0
639	C	0	5	6	0	2	0	1	0	0	14	0	1	1	0	0	0	0	0	0	3	0	1	0	0	0	0	0	0	0	0	0	0	3	0	0	0	0	0	2	0	0	0	0	0	0	0	0	0	0	0	23	42	0	0	0	3	0	1	45	0	1	0	0	0	0	0	0	0	0	2	0	0	0	0	0	0	0	0	0	0	0	0	0	0	0	0	1	0	34	0	0	1	0	0	0	0	1	0	0	0	0	1	0	0	0	0	0	0	0	0	0	1	0	0	0	0	0	0	0	0	0	0	0	0	0
645	C	6	34	0	1	10	9	0	1	4	0	12	0	26	4	0	5	3	3	0	0	0	5	33	0	0	0	0	9	8	0	0	1	0	8	0	1	0	0	0	0	0	0	1	1	4	0	0	0	0	0	3	0	0	0	37	0	0	2	0	46	12	0	0	0	0	0	0	0	0	0	3	1	2	0	0	0	0	0	0	0	0	0	0	0	0	4	0	0	0	1	0	0	0	0	0	0	0	0	0	0	0	0	0	0	0	0	0	0	0	0	0	0	0	0	0	0	0	0	0	0	0	0	0	0	0
646	C	4	75	1	1	6	8	1	0	6	0	20	0	17	2	1	6	7	1	0	0	0	5	35	0	0	0	0	8	8	1	1	2	0	5	0	0	1	0	0	0	1	1	0	11	2	0	0	0	0	0	1	0	0	0	13	0	2	3	0	26	7	0	0	0	0	0	0	0	0	0	7	0	2	0	0	0	0	0	0	0	0	0	0	0	0	1	0	0	0	0	0	0	0	0	0	0	0	0	0	0	0	0	0	0	0	0	0	0	0	0	0	0	0	0	0	0	0	0	0	0	0	0	0	0	0
652	C	3	1	1	0	0	1	0	0	1	0	0	0	39	1	0	1	0	0	1	0	0	0	1	0	2	0	0	0	0	6	0	7	3	0	0	0	1	0	0	0	0	0	0	201	4	0	0	0	0	1	1	1	0	0	0	0	1	0	9	0	0	0	0	0	0	0	0	0	0	0	0	0	0	0	0	0	1	0	0	0	0	0	0	0	0	0	0	0	0	0	0	0	0	0	0	0	0	0	0	0	0	0	0	0	0	1	0	0	0	0	0	0	0	0	0	0	0	0	0	0	0	11	0	0	0
653	C	3	2	39	0	0	0	0	0	16	2	16	0	33	1	0	7	0	0	0	1	0	0	1	0	0	1	0	0	0	0	9	21	7	0	0	0	0	1	0	0	0	0	4	94	0	1	0	0	0	0	0	1	0	0	0	0	1	6	0	0	28	0	0	0	0	0	0	0	0	0	0	0	1	0	0	0	1	0	0	0	0	0	0	0	0	0	0	0	0	0	0	0	0	0	0	0	0	0	0	0	0	0	0	0	0	0	0	0	0	0	0	0	0	0	0	0	0	0	0	0	0	0	0	0	0
657	C	1	16	0	1	9	15	0	0	0	2	59	0	15	4	0	3	0	4	0	4	0	0	21	0	0	0	3	9	27	0	0	2	0	5	0	0	0	0	21	1	0	0	2	28	3	0	0	0	0	2	1	0	0	4	3	0	10	4	0	0	12	0	0	0	0	0	0	0	0	1	3	2	0	0	2	0	1	0	0	0	0	0	0	0	0	0	0	0	0	0	0	0	0	0	0	0	0	0	0	0	0	0	0	0	0	0	0	0	0	0	0	0	0	0	0	0	0	0	0	0	0	0	0	0	0
679	C	1	17	0	5	9	0	0	0	0	0	0	0	0	1	0	2	0	0	9	5	0	0	58	1	0	4	0	0	0	0	0	8	45	0	0	0	0	0	0	0	0	0	1	0	0	0	0	0	0	3	5	51	0	0	0	26	1	2	27	0	11	0	1	0	0	0	0	0	0	0	0	0	0	0	0	1	0	0	0	0	0	0	0	0	0	0	0	0	0	0	0	0	0	0	0	0	0	0	0	0	0	1	0	0	2	0	0	0	0	0	0	0	0	0	0	0	0	0	0	0	0	0	0	0	0
685	C	5	2	0	0	2	0	0	0	7	57	0	1	0	0	0	0	0	0	0	0	1	0	0	0	0	0	0	0	1	0	3	0	10	0	0	0	0	0	0	0	0	0	0	0	0	0	0	4	0	1	6	42	0	0	11	8	10	0	8	0	88	0	0	0	0	0	0	0	5	1	0	0	0	0	0	24	0	0	0	0	0	0	0	0	0	0	0	0	0	1	0	1	0	0	0	0	0	0	0	0	0	0	1	0	0	0	0	0	0	0	0	0	0	0	0	0	0	0	0	0	0	0	0	0	0
724	V	4	1	0	0	0	0	2	0	7	5	0	0	0	0	0	3	0	0	2	0	0	0	0	0	0	0	0	0	0	0	0	0	6	0	0	0	0	1	0	0	0	0	0	0	0	0	0	1	1	1	88	38	1	0	5	8	1	0	82	0	8	0	0	0	0	0	0	0	9	0	0	0	0	0	0	17	0	0	0	0	0	0	0	0	0	0	1	0	0	0	0	0	0	0	0	0	0	0	0	0	0	0	2	0	0	0	0	0	0	0	0	0	0	0	0	0	0	0	0	0	0	0	0	0	0
732	C	4	1	0	0	1	0	38	0	0	0	0	3	2	0	0	0	0	0	1	0	0	1	0	0	1	0	0	0	0	0	0	0	9	0	0	0	0	0	0	0	0	0	0	0	0	0	0	0	0	0	0	122	0	0	0	21	0	0	40	0	0	0	0	0	0	0	0	0	0	0	0	0	0	0	0	19	0	0	0	0	0	0	0	0	0	0	1	0	29	1	1	2	0	0	0	0	0	0	0	0	0	2	0	0	0	0	0	0	0	0	0	1	0	0	0	0	0	0	0	0	0	0	0	0	0
744	V	2	7	0	0	0	0	0	0	3	14	0	1	0	0	0	0	0	1	3	0	0	0	0	0	0	0	0	0	0	1	0	0	10	0	0	0	0	0	0	0	5	0	0	0	2	0	4	0	0	0	0	2	0	0	15	9	0	7	120	0	0	0	0	0	2	0	0	0	1	1	0	0	0	0	0	5	0	0	0	0	1	0	0	0	0	0	5	0	4	11	11	0	12	0	0	13	14	0	1	1	0	6	2	1	1	0	0	1	0	0	0	0	0	0	0	0	0	0	0	0	1	0	0	0	0
761	C	9	26	101	0	1	17	2	0	0	11	6	0	7	6	0	5	0	0	0	0	0	0	1	0	0	0	0	1	3	23	0	0	0	0	0	0	0	0	0	0	3	0	0	0	11	0	0	0	0	0	0	4	0	0	3	1	0	5	1	0	0	0	0	0	40	0	3	0	0	1	0	0	0	0	0	0	0	0	0	4	0	1	0	0	0	0	0	0	0	1	0	0	0	0	0	0	0	0	0	0	0	0	0	0	0	0	0	0	0	0	0	0	0	2	0	0	0	0	0	0	0	1	0	0	0
829	C	8	44	1	0	2	0	5	0	5	5	1	1	25	0	0	22	0	1	1	0	0	0	8	0	0	0	0	1	64	0	6	0	0	0	0	0	2	0	5	0	0	0	0	2	0	0	0	0	0	0	10	6	0	12	7	2	22	2	23	0	0	0	0	0	0	0	2	0	0	0	0	3	0	0	0	0	1	0	0	0	0	0	0	0	0	0	0	0	0	0	0	0	0	0	0	1	0	0	0	0	0	0	0	0	0	0	0	0	0	0	0	0	0	0	0	0	0	0	0	0	0	0	0	0	0
834	C	7	11	0	1	2	4	0	0	0	0	20	0	20	0	0	0	13	2	1	0	0	31	8	0	0	0	2	8	2	0	6	0	0	0	0	1	1	0	0	0	0	0	0	11	0	0	0	0	0	1	0	0	0	0	1	0	0	0	0	116	29	0	1	0	0	0	0	0	0	0	0	0	0	0	0	0	0	0	0	0	0	0	0	0	0	0	0	0	0	0	0	0	0	0	0	0	0	0	0	0	0	0	0	0	0	0	0	0	0	0	0	0	0	0	0	0	0	0	0	0	0	0	0	0	0
855	V	1	39	0	1	19	2	0	0	0	0	0	1	0	0	0	9	0	1	0	0	1	0	16	0	0	0	0	0	43	0	0	0	0	0	0	1	1	0	0	0	0	1	1	0	0	0	0	0	0	0	0	0	0	0	145	0	0	6	1	5	0	1	0	0	0	0	0	0	0	0	0	0	0	0	0	0	0	0	0	0	0	0	0	0	0	0	0	0	0	3	0	0	0	0	0	0	0	0	0	0	0	0	0	0	0	0	0	0	0	0	0	0	0	0	0	0	0	0	0	2	0	0	0	0	0
856	C	4	65	0	1	9	11	0	4	0	0	0	0	0	0	0	1	0	0	0	0	0	0	0	0	0	0	0	0	61	0	0	0	0	4	2	4	0	0	35	0	0	8	1	20	0	0	0	0	0	0	0	0	0	0	35	0	1	1	0	2	3	4	0	9	0	1	0	0	0	0	0	6	1	0	0	0	0	0	0	0	0	0	0	0	0	1	0	0	0	0	0	0	0	0	0	0	0	0	0	0	0	0	0	0	0	0	0	0	0	0	0	0	0	0	0	0	0	1	0	3	0	0	0	0	0
928	C	1	7	0	1	0	0	1	0	6	21	0	0	2	22	2	18	0	1	0	0	0	0	0	0	0	2	0	0	0	20	0	2	26	0	0	0	0	0	0	0	31	0	0	4	19	0	0	2	0	1	4	14	0	0	0	0	0	23	17	0	3	0	0	0	2	0	0	0	1	1	0	0	0	0	0	2	0	4	0	0	0	0	2	0	0	0	0	0	0	12	0	0	1	7	0	5	0	0	0	0	0	1	0	8	0	0	0	0	0	0	0	0	1	0	0	0	0	0	0	0	0	0	0	0	0
939	V	4	0	3	0	5	0	0	0	2	45	0	7	1	8	0	3	0	0	10	0	0	0	0	0	1	0	0	2	0	0	0	0	24	0	0	0	0	0	0	0	1	0	0	1	2	0	0	3	1	0	27	48	0	0	15	1	0	4	55	0	5	0	0	0	4	0	0	0	1	3	0	0	0	0	0	0	0	1	1	0	0	0	0	0	0	0	0	0	0	3	0	0	0	0	2	0	0	0	0	0	0	0	0	0	0	0	0	1	0	0	0	0	0	1	0	0	0	0	0	0	1	0	0	0	0
1007	C	1	8	0	0	3	1	0	0	0	0	28	0	6	0	1	7	89	1	8	0	0	0	97	0	1	0	0	3	2	0	13	2	0	7	0	0	0	3	2	0	0	1	0	1	0	0	0	0	0	0	0	0	0	0	5	0	0	7	0	0	0	0	0	0	0	0	0	0	0	0	0	3	0	0	0	0	0	0	0	0	0	0	0	0	0	0	0	0	0	0	0	0	0	0	0	0	0	0	0	0	0	0	0	0	0	0	0	0	0	0	0	0	0	0	0	0	0	0	0	0	0	0	0	0	0
1029	C	3	8	0	0	0	0	0	0	0	12	0	1	0	0	0	82	0	0	22	0	0	5	0	0	0	0	0	0	0	0	0	0	0	0	0	0	0	0	0	0	0	0	0	0	0	0	0	0	0	0	0	37	0	0	0	0	0	12	0	0	0	0	0	0	0	0	0	0	0	0	0	0	0	0	0	0	0	0	0	0	13	0	0	0	0	0	0	0	0	11	0	0	0	0	0	11	0	0	0	0	0	2	0	0	37	0	1	0	2	0	0	20	0	0	0	0	0	0	0	0	0	0	5	7	0
1035	V	9	9	0	1	32	19	0	1	0	0	1	0	0	7	0	4	0	7	0	0	1	1	51	0	0	0	0	0	4	0	0	2	0	0	0	0	1	0	3	0	5	30	0	0	0	0	0	0	0	4	0	0	0	0	10	0	0	26	0	62	0	0	0	0	0	0	0	0	0	0	0	0	0	0	0	0	0	0	0	0	0	0	2	0	0	0	0	0	0	0	0	0	0	0	0	0	0	0	0	0	0	0	0	0	0	0	0	0	0	0	0	0	0	0	0	0	0	0	0	0	0	0	0	1	0
1040	C	0	15	0	0	11	9	0	1	0	2	68	2	9	1	0	10	6	0	1	0	2	0	29	4	0	5	0	0	4	0	0	0	3	0	0	0	0	0	0	0	4	9	0	54	0	16	0	0	0	1	0	0	0	0	0	0	0	6	0	0	2	0	1	0	1	0	0	0	0	2	0	0	0	0	0	0	0	0	0	7	3	7	0	0	0	0	0	0	0	0	0	0	0	0	0	0	0	0	0	0	0	0	0	0	0	0	0	0	0	0	0	0	0	0	0	0	0	1	0	0	0	0	0	3	0
1074	V	6	27	1	0	13	42	0	0	2	9	37	5	5	0	0	23	2	0	0	0	0	0	6	0	0	0	0	0	3	0	2	22	0	0	0	0	1	2	0	0	0	0	1	48	0	0	0	0	0	1	2	1	0	0	26	0	1	3	0	0	2	1	0	0	0	0	0	0	0	1	2	0	1	0	0	0	0	0	0	0	0	0	0	1	0	0	0	0	0	0	0	0	0	0	0	0	0	0	0	0	0	0	0	0	0	0	0	0	0	0	0	0	0	0	0	0	0	0	0	0	0	0	0	1	0
1076	C	0	61	0	0	0	0	66	0	0	0	0	0	20	1	0	2	2	3	24	0	0	1	42	0	0	0	1	0	0	0	0	6	0	0	0	0	0	0	0	0	1	0	0	9	0	0	0	0	0	0	0	0	0	0	0	0	22	19	16	0	0	0	0	0	0	0	0	0	0	0	0	0	0	0	0	0	0	0	0	0	3	0	0	0	0	0	0	0	0	0	0	0	0	0	0	0	0	0	0	0	0	0	0	0	0	0	1	0	0	0	0	0	0	0	0	0	0	0	0	0	0	0	0	0	0
1082	C	3	48	0	0	0	1	0	14	17	13	0	0	0	0	0	46	0	1	1	0	1	0	0	0	0	0	0	0	50	0	13	6	0	2	0	0	3	3	11	0	2	0	0	0	0	0	9	0	0	0	0	0	0	0	15	0	0	12	0	0	27	0	0	1	0	0	1	0	0	0	0	0	0	0	0	0	0	0	0	0	0	0	0	0	0	0	0	0	0	0	0	0	0	0	0	0	0	0	0	0	0	0	0	0	0	0	0	0	0	0	0	0	0	0	0	0	0	0	0	0	0	0	0	0	0
1094	C	1	131	0	1	17	3	0	0	2	0	0	0	0	4	0	1	0	0	18	0	0	0	1	0	0	1	0	2	0	0	0	0	7	0	0	0	2	0	1	0	0	0	0	3	0	0	0	0	0	1	0	33	0	0	33	8	2	0	19	0	0	0	0	0	1	2	3	0	2	0	0	0	0	0	0	0	0	0	0	0	0	0	0	0	0	0	0	0	0	0	0	0	0	1	0	0	0	0	0	0	0	0	0	0	0	0	0	0	0	0	0	0	0	0	0	0	0	0	0	0	0	0	0	0	0
1109	V	2	0	0	0	0	0	0	0	0	0	0	0	0	1	0	15	0	0	1	0	0	0	0	0	0	0	0	0	0	0	0	0	0	0	0	0	0	0	0	0	0	0	0	0	6	0	0	0	0	0	0	0	0	0	0	0	0	0	1	0	0	0	0	0	4	0	0	0	0	0	0	0	0	0	0	0	0	0	0	0	0	0	0	1	0	0	0	0	3	0	30	0	0	0	0	28	0	7	73	0	0	7	0	0	0	0	0	0	44	3	0	0	2	0	0	51	0	0	0	0	0	0	1	0	0
1119	C	6	14	9	1	57	0	0	0	0	10	12	4	2	2	0	0	0	0	40	0	0	0	3	0	0	0	0	0	6	0	15	5	8	0	0	0	17	3	0	0	1	0	0	0	0	0	0	0	4	5	0	1	0	0	29	0	0	1	4	1	4	0	0	0	7	0	3	0	0	0	0	0	0	0	0	0	0	0	0	6	0	0	0	0	0	0	0	0	0	0	0	0	0	0	0	0	0	0	0	0	0	0	0	0	0	0	0	0	0	0	0	0	0	0	0	0	0	0	0	0	0	0	0	0	0
1193	C	5	9	72	0	8	2	0	0	13	8	0	0	4	0	0	4	2	0	0	0	0	0	0	0	0	0	0	0	8	0	1	2	0	0	0	0	0	0	0	0	0	0	0	116	0	0	0	0	0	2	1	18	0	0	4	1	9	1	1	0	0	0	0	0	0	0	1	0	0	0	0	0	0	0	0	0	0	0	0	0	0	0	0	4	0	0	0	0	0	0	0	0	0	0	0	0	0	0	0	0	0	0	0	0	0	0	0	0	0	0	0	0	0	0	0	0	0	0	0	0	0	0	0	0	0
1226	C	2	0	0	0	0	0	9	0	0	0	0	0	0	10	2	2	0	0	8	0	0	0	0	0	0	0	0	0	0	3	0	0	24	0	0	0	0	0	0	0	0	0	0	0	3	0	0	0	0	0	2	87	0	0	0	4	0	1	1	0	0	0	0	0	2	0	0	0	0	0	0	0	0	0	0	8	0	0	0	0	2	0	0	0	0	0	0	0	0	0	0	2	0	9	3	91	0	2	0	0	0	1	0	0	4	0	0	0	6	0	0	0	0	0	0	0	0	0	0	0	0	0	0	4	0
1277	V	8	60	0	0	10	45	0	0	0	0	16	0	22	5	2	2	1	5	0	0	0	0	14	0	0	11	0	0	1	0	7	5	9	0	0	0	0	0	4	0	0	1	2	0	0	0	0	0	0	2	2	0	0	0	0	0	0	16	0	25	2	3	7	0	0	0	3	0	0	0	0	0	0	0	0	0	0	0	0	0	0	0	0	0	0	0	0	0	0	0	0	0	0	5	0	0	0	0	0	0	0	0	0	0	0	0	0	0	0	0	0	0	0	0	0	0	0	0	0	0	0	0	0	1	0
1294	C	4	0	0	0	0	0	0	0	0	0	0	0	0	0	0	0	0	0	26	0	0	0	0	0	0	0	0	0	0	0	0	0	0	0	0	0	0	0	0	0	0	0	0	0	0	0	11	0	0	0	0	0	0	0	0	0	0	0	34	0	0	0	0	0	0	0	0	0	0	0	0	0	0	0	0	0	0	0	0	0	8	0	0	0	0	0	0	0	0	0	34	1	0	0	0	9	1	0	10	0	0	0	0	0	85	0	0	0	0	0	0	0	1	0	1	0	0	0	0	0	61	0	8	0	0
1314	C	1	19	1	0	10	0	0	0	1	0	0	1	0	0	0	7	0	0	146	0	0	0	0	1	1	0	0	0	65	0	0	2	0	0	0	0	0	0	4	0	3	0	0	0	0	0	3	1	0	1	0	0	1	0	4	0	0	1	0	0	5	0	0	0	0	2	10	0	1	0	0	0	8	0	0	0	0	0	0	0	0	0	0	0	0	0	0	0	0	0	0	0	0	0	0	0	0	0	0	0	0	0	0	0	0	0	0	0	0	0	0	0	0	0	0	0	0	0	0	0	0	0	0	0	1
1319	V	17	43	1	0	24	2	0	10	44	0	0	5	0	0	1	3	1	0	3	0	0	1	0	0	0	0	0	0	8	0	0	1	0	0	0	0	0	19	3	0	7	0	1	0	0	0	46	0	0	0	0	0	0	0	17	0	0	0	0	0	0	0	0	0	1	5	2	13	12	0	0	0	4	0	0	0	0	0	0	0	0	0	0	0	0	0	0	0	0	0	0	0	0	0	0	0	0	0	0	0	0	0	0	0	0	0	0	0	0	0	0	0	0	0	0	0	2	0	0	0	0	0	0	0	2
1357	V	5	1	0	0	0	0	1	0	0	0	2	0	0	0	0	0	3	0	2	0	0	0	0	3	0	0	0	0	0	2	0	0	0	0	0	0	0	0	0	0	0	0	0	0	0	0	0	0	0	0	0	5	0	0	0	31	0	0	10	0	0	0	0	0	0	0	0	0	0	0	0	0	0	0	0	0	0	0	0	0	1	0	0	0	0	0	0	0	1	0	0	1	0	1	1	119	2	20	5	0	0	0	0	0	1	0	0	0	2	0	0	0	0	0	0	0	0	0	0	0	0	0	60	0	0
1359	V	7	37	0	0	0	0	0	0	0	0	0	3	0	16	1	9	0	0	10	0	0	0	0	0	0	0	0	0	0	7	0	19	0	0	0	0	0	0	0	0	0	0	0	0	2	0	1	0	0	0	0	35	0	0	0	0	51	2	0	0	0	0	0	0	7	0	0	0	0	0	0	0	0	0	0	3	0	0	10	0	5	0	0	0	0	0	0	0	0	0	0	1	0	5	0	1	0	0	0	37	0	1	0	2	0	0	0	0	0	0	0	0	0	0	0	0	4	0	0	0	0	0	0	11	0
1360	C	4	31	0	0	5	1	0	4	14	0	43	0	6	5	0	25	0	2	3	0	0	0	4	0	0	1	0	7	8	0	0	31	1	0	0	0	1	10	0	0	47	0	3	0	0	0	0	0	0	1	0	0	0	0	0	0	0	5	0	0	4	0	0	0	0	13	0	1	0	0	0	0	1	0	3	0	0	0	0	0	0	2	0	0	4	0	0	3	0	0	0	0	0	0	0	0	0	0	0	0	0	0	0	2	0	0	0	0	0	0	2	0	0	1	0	0	0	0	0	0	0	0	0	0	0
1377	C	2	0	0	0	0	0	0	0	0	0	0	0	0	0	0	0	0	0	2	0	0	10	0	1	1	0	0	0	0	0	0	0	0	0	0	0	0	0	0	0	0	0	0	0	0	0	0	0	0	0	0	2	0	0	0	0	0	0	3	0	0	0	0	0	2	0	0	0	0	0	0	0	0	0	0	0	0	0	0	0	0	0	0	0	0	0	0	0	20	0	50	0	0	0	0	24	0	4	1	0	1	3	0	0	6	0	0	1	12	0	0	0	0	0	0	114	0	0	0	0	0	0	9	4	0
1419	C	21	15	0	0	0	24	0	1	3	0	6	0	3	0	0	12	49	7	135	0	0	2	4	4	0	0	0	0	1	0	0	0	0	1	0	0	0	0	0	1	0	9	0	0	0	0	0	0	0	0	0	0	0	0	0	0	1	0	0	0	0	0	0	0	0	0	0	1	0	0	0	0	0	0	0	0	0	0	0	0	0	0	0	0	0	0	0	0	0	0	0	0	0	0	0	0	0	0	0	0	0	0	0	0	0	0	0	0	0	0	0	0	0	0	0	0	0	0	0	0	0	0	0	0	0
1458	C	9	10	10	0	1	0	6	0	9	95	0	0	36	0	0	1	0	1	2	0	0	7	6	0	0	0	0	0	9	0	36	2	2	0	0	0	0	0	2	0	0	0	1	0	0	0	0	0	0	0	1	11	0	0	27	0	0	1	0	0	7	0	0	0	0	0	0	0	0	0	0	0	0	0	0	0	0	0	0	0	0	0	0	0	0	0	0	1	0	0	0	0	0	0	0	0	0	0	0	0	0	0	0	0	0	0	0	0	0	0	0	0	0	0	0	0	0	0	0	0	0	0	0	5	0
1465	C	1	3	0	0	0	0	0	0	0	0	0	1	0	0	0	0	0	0	1	0	0	0	0	1	0	0	0	0	0	5	0	0	0	0	0	0	0	0	0	0	2	0	0	0	52	0	6	0	1	0	0	3	0	0	0	0	0	0	69	0	0	0	0	0	19	0	0	0	0	0	0	0	0	0	0	15	0	0	0	0	8	0	0	0	0	0	0	0	0	0	5	0	0	6	0	76	0	0	0	0	2	2	1	0	7	0	0	0	1	3	0	0	0	0	0	0	0	0	0	0	0	0	0	0	0
1478	C	15	4	0	5	22	1	0	0	0	2	0	1	4	0	1	0	0	0	0	0	0	0	0	1	0	0	0	0	1	1	0	0	23	0	0	0	2	0	0	0	0	0	0	87	0	1	0	0	0	0	12	37	2	0	1	25	0	0	1	0	0	0	2	0	1	0	0	0	0	0	0	0	0	0	0	1	0	0	0	0	0	0	0	0	0	0	0	0	6	0	0	4	0	0	0	0	0	0	0	0	0	0	0	0	0	0	0	1	0	3	0	0	0	0	0	0	0	0	0	0	0	0	0	0	0
1482	C	5	11	0	0	25	20	0	0	5	0	69	0	3	4	0	0	0	2	0	0	1	0	14	0	0	0	0	3	14	0	0	5	8	0	0	0	1	1	0	0	0	0	0	20	58	0	0	0	0	0	0	1	0	0	1	0	4	11	0	0	0	1	0	0	0	0	0	0	0	0	0	0	5	0	0	0	0	0	0	2	0	0	1	0	0	0	0	0	0	0	0	0	0	2	0	0	0	0	0	0	0	0	0	0	0	0	0	0	0	0	0	0	0	1	0	0	0	0	0	0	0	0	0	2	0
1488	C	0	6	0	0	5	0	2	0	1	8	4	0	8	0	1	0	0	0	1	0	0	6	10	0	0	0	1	0	0	0	4	0	15	0	0	0	0	0	0	0	0	0	1	5	0	0	0	0	0	2	171	18	0	0	1	1	2	0	8	0	0	0	0	0	0	0	0	0	0	1	0	0	0	0	0	0	0	0	0	0	0	0	1	0	0	0	0	0	0	0	0	1	0	0	0	0	0	0	0	0	0	0	0	0	0	0	0	0	0	0	0	0	0	0	0	0	0	0	0	0	0	0	0	14	0
1505	V	2	103	0	0	18	6	0	0	4	0	2	2	1	0	2	1	0	4	24	0	0	0	1	0	0	0	0	0	0	0	0	0	1	0	0	0	0	0	9	0	4	0	1	2	0	0	0	2	0	4	0	55	0	0	1	6	5	7	8	0	0	1	0	0	0	4	1	0	5	1	0	0	0	0	0	0	0	0	0	0	0	0	0	1	1	0	0	2	0	0	0	0	0	0	0	0	0	0	0	0	0	0	0	0	0	0	0	0	0	0	1	0	0	0	0	0	2	0	0	0	0	0	0	4	0
1514	C	7	4	0	0	1	0	0	0	0	1	0	1	0	1	0	6	0	0	0	0	0	0	0	0	0	4	0	0	0	2	0	0	0	0	0	0	0	0	0	0	2	0	0	25	0	0	3	0	1	0	2	23	0	0	20	43	0	5	68	0	26	0	0	0	12	0	0	0	0	1	0	0	0	0	0	7	0	0	0	0	0	0	0	0	0	0	0	0	6	0	0	0	15	0	0	1	0	0	0	0	1	2	9	0	0	0	0	0	0	0	0	0	0	0	0	0	1	0	0	0	0	0	0	0	0
1530	V	4	22	0	2	7	0	18	0	17	22	56	0	8	5	1	0	0	1	1	0	0	0	2	0	1	0	0	3	6	0	7	0	1	0	0	0	8	3	0	0	0	2	0	19	0	0	0	0	0	0	0	0	0	0	16	0	2	2	1	0	12	0	0	0	0	0	4	0	0	0	0	3	2	0	0	0	0	0	0	0	0	0	0	0	0	0	0	0	0	0	0	0	0	1	0	0	0	0	0	0	0	0	0	0	0	0	0	0	0	0	0	0	0	0	0	0	0	0	0	0	0	0	0	37	0
1531	C	11	9	14	0	4	0	0	0	1	1	0	10	0	1	3	1	0	0	2	0	0	0	0	0	0	0	0	0	0	0	0	0	1	1	0	0	0	0	0	0	0	0	0	3	0	0	2	9	0	2	26	2	0	0	58	0	0	6	69	0	0	0	0	0	0	0	0	1	23	5	0	0	0	0	0	2	0	0	0	0	1	0	0	0	0	0	0	0	0	0	0	0	0	0	0	0	0	0	0	0	0	0	0	0	0	0	0	0	0	0	0	0	0	0	0	0	0	0	0	0	0	0	0	0	30
1535	V	8	22	0	0	1	0	22	0	1	2	0	0	0	0	0	0	0	0	9	0	0	0	0	2	0	0	0	0	0	7	0	0	6	0	0	0	0	0	0	0	0	0	1	0	0	0	0	0	0	0	0	40	0	0	0	28	0	6	23	0	0	0	0	0	0	0	0	0	0	0	0	0	0	0	0	1	0	0	0	0	0	0	0	0	0	0	0	0	1	0	0	0	0	1	0	50	0	0	0	1	0	2	0	0	44	0	0	0	0	0	0	0	0	0	0	0	0	0	0	0	0	0	0	1	1
1550	C	7	63	12	0	1	15	0	33	10	5	0	0	3	0	0	0	0	1	1	0	0	0	1	0	0	0	0	0	0	37	0	4	0	0	0	0	0	0	65	0	0	0	0	0	0	0	0	0	0	0	0	0	0	0	0	0	1	0	4	19	0	0	0	0	0	0	0	0	0	0	0	0	0	0	0	0	1	0	0	0	0	0	0	0	0	3	0	0	0	5	0	0	0	0	1	0	0	0	0	0	0	0	0	2	0	0	0	0	0	0	0	0	0	0	0	0	0	0	0	0	0	0	0	0	0
1572	C	18	46	0	0	6	42	0	0	1	0	5	3	1	12	0	0	0	1	14	0	0	0	2	0	0	0	7	11	23	0	0	0	0	0	0	0	6	0	12	0	6	0	0	0	3	0	0	0	0	0	2	2	0	0	17	2	0	1	0	7	0	0	2	0	0	1	8	4	0	4	0	0	0	0	0	0	0	0	0	0	0	15	5	0	0	0	0	0	0	0	0	0	0	8	2	0	0	0	0	0	0	0	0	0	0	0	0	0	0	0	0	0	0	0	0	0	0	0	0	0	0	0	0	0	0
1573	V	3	35	5	0	0	0	0	0	0	0	0	1	7	0	0	0	0	0	1	0	0	0	0	0	0	2	0	0	0	1	0	1	1	0	0	0	0	0	0	0	0	0	0	2	0	0	0	1	0	1	0	48	0	0	2	3	2	2	21	0	0	0	0	0	0	0	0	0	0	0	0	0	0	0	0	0	0	0	0	0	0	0	0	4	0	0	0	0	82	0	1	65	0	0	0	0	0	0	0	0	0	0	0	0	0	0	0	0	0	0	0	0	0	0	0	0	0	0	0	0	0	0	0	9	0
1579	C	4	47	0	0	0	0	0	0	0	2	0	0	0	1	0	0	0	0	23	0	0	0	0	9	0	0	0	0	0	1	0	0	0	0	0	0	0	0	0	0	0	0	0	0	33	0	1	0	0	0	0	3	0	0	0	0	0	0	76	0	0	0	1	0	0	0	0	0	0	0	0	0	0	0	0	6	0	0	0	0	0	0	0	0	0	0	0	0	0	1	0	0	0	5	1	63	0	0	4	0	1	0	0	0	11	0	0	0	0	2	0	0	1	0	0	2	0	0	0	0	0	0	1	0	0
1587	C	2	2	6	9	17	0	2	0	0	0	56	2	12	0	6	15	0	1	41	0	0	0	11	0	0	0	0	0	41	4	0	3	1	0	0	0	4	0	0	0	8	0	0	11	0	1	0	0	0	0	0	2	0	0	8	2	0	16	0	0	3	0	0	0	0	2	7	0	0	1	0	0	0	0	0	0	0	0	0	3	0	0	0	0	0	0	0	0	0	0	0	0	0	0	0	0	0	0	0	0	0	0	0	0	0	0	0	0	0	0	1	0	0	0	0	0	0	0	0	0	0	0	0	0	0
1609	C	6	53	0	0	0	6	0	3	0	0	0	0	0	0	0	39	0	0	15	0	0	0	0	0	0	0	0	0	4	0	0	1	0	4	0	0	0	13	16	0	8	3	0	0	0	0	0	0	0	0	0	0	0	2	9	0	0	33	0	75	0	0	0	0	0	0	0	0	0	0	0	3	0	0	0	0	3	0	0	0	0	0	0	0	1	0	0	0	0	0	0	0	0	0	0	0	0	0	0	0	0	0	0	0	0	0	0	0	0	0	0	0	0	0	0	0	0	0	0	0	0	0	0	0	0
1614	C	7	100	9	0	3	1	0	0	8	8	9	0	25	0	16	6	0	9	4	0	4	0	1	0	0	0	0	0	12	0	3	1	0	0	0	0	0	1	0	0	1	1	0	21	0	0	0	0	0	0	0	16	0	0	11	0	6	2	0	0	0	1	0	0	0	0	6	0	0	0	0	0	0	0	0	0	0	0	0	0	0	0	0	1	0	0	0	0	0	0	0	0	0	1	0	0	0	0	0	0	0	0	0	0	0	0	0	0	0	0	0	0	0	0	0	0	0	0	0	0	0	0	0	0	0
1626	V	6	0	35	0	0	1	29	0	4	14	0	0	6	0	0	14	0	2	5	0	0	0	0	0	0	0	0	0	1	0	0	4	2	0	0	0	0	0	0	0	0	0	1	48	1	0	0	0	0	1	36	37	0	0	4	2	7	4	4	0	13	0	0	0	2	0	3	0	3	0	0	0	0	0	0	1	2	1	0	0	0	0	0	0	0	0	0	0	0	4	0	0	0	0	0	0	0	0	0	2	0	1	0	0	0	0	0	0	0	0	0	0	0	0	0	0	0	0	0	0	0	0	0	0	0
1646	C	2	15	0	0	0	3	5	0	6	0	15	0	29	0	3	31	0	9	0	0	0	5	26	1	1	4	0	6	1	0	3	17	39	2	0	0	0	0	0	0	0	0	0	6	4	0	0	0	0	1	2	12	0	0	0	0	23	5	18	0	0	0	1	0	0	0	0	0	0	0	0	0	0	0	0	0	0	0	0	0	0	0	0	0	0	0	0	0	0	0	0	0	0	1	0	0	0	0	0	0	0	0	0	0	0	1	0	0	0	0	0	0	0	0	0	0	0	0	0	0	0	0	0	1	0
1649	C	18	1	62	0	1	9	0	0	0	1	0	2	45	0	0	7	0	0	0	0	0	0	0	0	0	0	0	0	3	22	0	0	0	0	0	0	0	0	1	0	0	0	0	33	1	0	0	0	0	0	1	12	0	2	5	0	12	0	0	0	48	0	0	0	0	0	0	1	0	1	0	0	9	0	0	0	0	0	0	0	0	0	0	0	0	0	0	0	0	0	0	0	0	0	0	0	0	0	0	0	0	0	0	0	0	0	0	0	0	0	0	0	0	1	0	0	0	0	1	0	0	0	0	0	0
1650	C	8	27	0	5	0	15	0	0	0	5	13	0	25	1	1	7	0	2	1	0	6	37	74	1	2	0	0	0	2	0	14	2	4	2	0	1	0	7	1	0	0	0	0	1	4	0	0	0	0	2	0	1	0	0	1	0	9	0	0	1	1	0	0	0	0	0	0	0	0	0	0	0	0	0	0	0	0	0	0	0	0	0	0	0	1	0	0	0	0	0	0	0	0	0	0	0	0	0	0	0	0	0	0	2	0	0	0	0	0	0	0	0	0	0	0	0	0	0	0	0	0	0	7	0	0
1651	C	8	3	2	0	21	0	0	0	9	3	16	0	2	7	0	71	0	0	2	0	0	0	3	5	0	0	0	1	2	4	0	7	1	0	0	0	0	0	0	0	9	3	0	11	65	0	0	0	0	0	0	0	0	0	0	0	0	20	0	0	0	0	0	0	0	0	0	0	0	0	0	0	1	0	0	0	0	0	0	10	0	0	1	0	0	0	0	0	0	0	0	0	0	0	0	0	0	0	0	0	0	0	0	0	0	0	0	0	0	0	0	0	0	0	1	0	0	0	1	0	0	0	0	0	10
1652	C	0	119	0	0	5	5	0	3	0	0	8	0	9	2	0	25	0	0	3	0	0	1	7	0	0	0	8	0	12	0	0	5	0	0	0	0	0	0	28	0	4	0	2	0	0	0	0	0	0	4	0	0	0	3	25	0	0	2	0	1	1	2	1	0	1	1	2	1	0	0	0	0	0	0	0	0	0	0	0	0	0	0	0	0	1	0	0	0	0	0	0	0	0	0	0	0	0	0	0	0	0	0	0	0	0	0	0	0	0	0	0	0	0	0	0	0	0	0	0	0	0	0	0	1	0
1681	C	2	141	0	0	0	0	1	0	0	0	0	0	16	0	0	0	0	1	60	0	0	0	0	1	0	0	0	0	0	0	0	0	0	0	0	0	0	0	0	0	0	0	0	0	0	0	0	0	0	0	0	42	0	0	0	4	0	1	0	0	0	0	0	0	0	0	0	0	0	0	0	0	0	4	0	0	0	0	0	0	0	0	0	0	1	0	0	0	0	0	0	0	0	0	0	0	0	0	0	0	0	0	0	0	0	3	5	0	0	0	0	0	0	0	0	0	0	0	0	0	0	0	1	4	0
1682	C	3	18	0	0	3	1	0	0	0	0	4	0	43	24	0	22	0	1	0	0	0	0	2	0	0	0	1	0	0	0	0	31	0	0	0	0	1	0	0	0	84	0	0	0	0	0	0	0	0	2	0	0	0	0	0	0	0	15	0	19	0	1	2	0	0	1	0	0	0	0	0	0	0	0	0	0	0	0	0	0	0	1	8	0	1	0	0	0	0	0	0	0	0	1	0	0	0	0	0	0	0	0	0	2	0	0	0	0	0	0	0	0	0	5	0	0	0	0	0	1	0	0	0	1	0
1683	V	1	72	0	0	0	0	1	0	0	0	0	0	1	5	0	0	0	1	75	0	0	0	9	0	1	3	0	0	0	0	0	1	9	0	0	0	0	0	0	0	0	0	0	0	4	0	0	0	0	0	0	17	0	0	0	4	8	1	35	0	0	0	0	0	0	1	0	0	0	0	0	0	0	0	0	0	0	0	0	0	2	0	0	1	0	0	19	2	0	0	0	4	0	0	0	0	0	0	0	0	0	0	0	0	0	4	0	0	0	0	2	0	0	0	0	0	0	0	0	0	0	0	0	0	0
1685	V	32	1	0	0	14	0	3	0	4	0	13	0	2	0	0	37	0	0	0	0	0	0	0	3	0	0	0	0	0	0	0	6	1	0	0	0	0	0	0	0	1	0	0	46	0	0	0	0	0	1	2	56	0	0	1	18	0	6	0	0	1	0	0	0	0	0	0	0	0	1	0	0	0	0	0	1	0	0	0	1	3	1	0	0	0	0	0	0	0	1	0	0	0	3	0	1	0	0	0	0	0	0	0	1	0	0	0	0	0	0	0	0	0	0	2	0	0	0	0	0	0	0	0	1	0
1687	C	11	24	4	0	2	0	13	0	0	7	13	0	57	6	0	3	0	2	5	0	3	0	7	0	0	0	3	0	12	0	0	13	1	0	0	0	1	0	0	0	10	2	0	34	0	0	0	0	0	0	1	1	0	0	1	0	0	25	0	21	0	0	0	0	0	0	7	2	0	0	0	0	0	0	0	0	0	0	0	0	0	1	0	0	0	0	0	0	0	0	0	0	0	0	0	0	0	0	0	0	0	0	0	0	0	0	0	0	0	0	0	0	0	0	0	0	0	0	0	1	0	0	0	7	0
1691	C	10	9	0	0	1	0	3	0	0	0	0	0	0	0	0	0	0	0	141	0	0	0	0	0	0	0	0	0	0	0	0	0	1	0	0	0	0	0	0	0	5	0	2	0	0	0	0	0	0	0	0	83	0	0	0	2	0	18	0	0	0	0	0	0	0	0	0	0	3	0	0	0	0	0	0	0	0	0	1	0	0	0	0	0	0	0	0	0	0	0	0	0	0	0	2	0	0	0	0	0	0	0	0	0	0	4	1	0	0	0	1	0	0	1	0	0	0	0	0	0	0	0	0	1	0
1693	C	4	0	0	0	0	0	0	0	0	0	41	0	0	0	64	1	0	0	0	0	0	0	1	28	3	0	0	0	0	0	0	0	2	0	0	0	0	0	0	0	2	0	0	11	0	0	0	0	0	11	9	4	0	0	0	0	1	5	0	0	0	0	0	0	0	0	0	0	0	0	0	0	0	0	0	0	0	0	0	0	0	0	2	0	4	0	0	0	0	0	0	0	0	0	1	0	0	0	0	0	0	0	0	1	0	0	1	0	0	0	1	0	0	0	0	0	0	0	0	0	0	0	2	93	0
1696	C	4	17	0	10	7	73	6	0	0	0	2	0	7	0	0	0	0	1	0	0	6	0	61	1	3	4	0	0	0	3	36	0	5	2	0	0	1	0	3	0	6	0	0	0	0	0	0	0	0	2	4	0	0	0	0	0	0	0	20	0	0	0	0	0	0	0	0	0	0	2	0	0	0	2	0	0	0	0	0	0	0	0	0	0	0	0	0	0	0	0	0	0	0	0	1	0	0	0	0	0	0	0	0	0	0	0	1	0	0	0	0	0	0	0	0	0	0	0	0	0	0	0	0	1	0
1700	C	14	6	0	0	11	4	1	1	0	3	15	2	1	5	2	1	0	6	92	0	0	2	3	0	0	0	0	0	50	0	5	0	9	0	0	0	1	0	9	0	3	0	0	2	0	0	1	0	0	0	0	6	0	0	22	0	0	0	0	0	0	0	0	3	0	0	0	0	0	1	0	0	2	0	0	0	0	0	0	0	0	1	0	11	0	0	0	0	0	0	0	0	0	0	0	0	0	0	0	0	0	0	0	0	0	1	0	0	0	0	0	0	0	0	0	0	0	0	0	0	0	0	0	0	0
1702	C	6	2	6	0	2	0	0	0	14	10	4	0	1	0	1	3	0	2	1	0	0	0	0	0	0	0	0	0	4	0	6	2	0	0	0	0	0	0	0	0	0	0	0	21	0	0	0	0	0	1	0	25	0	0	49	0	0	2	0	0	102	0	0	0	0	0	5	5	3	1	0	1	0	0	0	7	0	0	0	0	0	0	0	0	1	0	0	0	0	6	0	0	0	0	0	0	0	0	0	0	0	0	0	0	0	0	0	0	0	0	0	0	0	0	0	0	0	0	0	0	0	0	0	4	0
1704	C	1	0	0	0	2	0	0	0	0	24	16	0	0	0	0	15	0	0	0	0	1	14	1	0	0	0	0	0	6	0	21	8	0	0	0	0	5	181	0	0	0	1	0	0	0	0	0	0	0	0	0	0	0	0	0	0	0	0	0	0	0	0	0	0	0	0	0	0	0	0	0	0	0	0	0	0	0	0	0	0	0	1	0	0	0	0	0	0	0	0	0	0	0	0	1	0	0	0	0	0	0	0	0	0	0	0	0	0	0	0	0	0	0	0	0	0	0	1	0	0	0	0	0	0	0
1706	C	22	10	0	0	1	3	0	4	0	0	0	0	0	0	0	14	0	0	1	0	6	36	2	0	0	0	0	0	16	0	0	0	0	8	0	0	0	4	8	0	1	33	0	0	0	0	0	0	0	0	0	0	0	0	48	0	0	4	0	31	0	0	0	5	0	0	0	2	0	0	0	11	0	0	0	0	0	0	0	0	0	0	1	0	0	0	0	0	0	0	0	0	0	0	0	0	0	0	0	0	0	0	0	0	0	0	0	0	0	0	0	0	0	0	0	0	0	0	0	19	0	0	0	0	0
1716	V	10	0	0	0	0	0	10	1	31	14	0	0	2	2	1	0	0	0	0	0	0	1	0	1	0	0	0	0	0	0	0	3	3	0	0	0	0	0	1	0	2	0	2	29	5	0	0	0	0	2	61	14	0	0	0	4	4	1	11	0	0	0	0	0	7	0	0	0	3	0	0	0	0	0	0	6	0	0	0	0	0	1	0	0	1	0	0	0	0	5	0	0	0	2	0	0	0	0	0	3	0	1	0	0	0	0	0	0	0	0	0	0	0	0	0	0	0	0	0	0	0	1	0	4	0
1730	C	1	0	0	0	0	0	53	0	0	0	0	0	0	0	0	0	0	0	8	2	0	1	0	0	0	0	0	0	0	2	0	0	0	0	0	0	0	0	0	0	0	0	0	0	1	0	0	0	0	0	0	0	0	0	0	0	0	0	25	0	0	0	0	0	1	0	0	0	0	0	0	0	0	0	0	0	0	0	0	0	0	1	0	0	0	0	0	0	48	0	0	56	0	1	0	23	0	7	23	0	0	1	0	0	3	0	0	0	11	0	0	0	1	0	0	13	0	0	0	0	0	0	10	0	1
1741	C	21	1	0	31	1	0	0	0	0	0	0	0	0	0	2	0	0	0	0	3	0	0	0	1	0	0	0	0	0	0	0	0	31	0	0	0	0	0	43	0	0	0	0	0	1	0	0	0	0	1	18	26	0	0	0	43	0	1	4	0	0	0	0	0	0	0	0	0	5	2	0	0	0	0	0	3	0	0	0	0	0	0	0	0	0	0	0	0	0	0	0	48	0	0	0	0	4	0	0	0	0	2	0	0	0	0	1	2	0	0	0	0	0	1	0	0	0	0	0	0	0	0	0	0	0
1744	C	2	0	0	7	3	0	0	0	2	3	0	2	0	0	0	3	0	0	0	0	1	0	0	0	0	0	0	0	0	0	0	0	0	0	0	0	0	0	0	0	0	0	0	1	0	0	0	2	2	0	0	39	0	0	2	11	0	0	41	0	0	0	0	0	6	0	0	0	0	0	0	0	0	0	0	2	0	0	0	0	1	0	0	0	1	0	0	0	47	0	0	4	8	4	0	28	10	0	0	0	0	7	1	0	33	0	0	1	0	5	0	0	3	0	0	0	0	0	0	0	0	0	0	0	0
1756	V	5	18	13	1	5	14	0	0	0	1	0	0	0	0	0	0	0	0	0	0	0	4	24	0	1	0	0	0	3	0	1	0	0	7	0	4	1	0	6	0	0	4	0	139	0	0	0	0	0	0	0	0	0	0	9	0	0	0	0	24	0	0	0	1	0	0	0	0	0	0	0	3	1	0	0	0	0	0	0	0	0	0	0	0	0	0	0	0	0	1	0	0	0	0	0	0	0	0	0	0	0	0	0	0	0	0	0	0	0	0	0	0	0	0	0	0	0	0	0	8	0	0	0	0	0
1762	V	3	164	0	11	2	0	0	0	0	0	0	0	0	0	0	0	0	0	2	1	0	0	33	2	0	0	0	0	0	0	0	1	8	0	0	0	0	0	0	0	1	0	0	0	0	0	0	0	0	0	0	14	0	0	0	0	0	2	20	0	0	0	0	0	0	0	0	0	0	0	0	0	0	0	0	6	0	0	0	0	0	0	0	0	0	0	0	0	0	11	0	0	0	2	0	0	0	1	0	0	0	0	0	0	2	0	0	0	0	0	0	4	1	0	0	0	0	0	0	0	0	0	0	0	0
1773	C	5	24	0	0	2	0	0	0	0	0	0	0	1	0	0	11	0	0	4	2	0	0	0	1	0	3	0	0	0	0	0	2	4	0	0	0	0	0	3	0	0	0	0	99	0	0	0	0	0	2	4	1	0	0	0	20	10	4	22	0	0	0	1	0	0	1	0	0	0	2	0	0	0	0	0	0	0	0	0	0	2	0	0	0	0	1	16	3	0	0	0	0	0	1	0	0	0	0	0	0	0	2	0	1	0	11	0	0	0	0	1	0	0	0	0	0	0	0	0	0	0	0	0	0	6
1780	V	3	7	11	0	2	0	0	0	2	16	0	0	1	0	0	3	0	0	0	29	0	2	0	0	0	0	0	0	0	1	0	0	10	0	0	0	0	0	20	0	1	0	0	0	2	0	0	0	0	0	18	12	3	0	4	22	0	0	16	0	0	0	0	0	2	0	0	0	0	1	0	0	0	0	0	2	0	0	0	0	0	0	0	0	0	0	0	0	28	0	0	2	0	0	0	1	2	0	0	1	0	0	5	0	20	0	0	0	0	11	0	0	1	0	0	0	0	0	0	0	0	1	0	0	0
1817	V	0	0	0	0	0	0	0	0	0	0	0	0	0	0	0	6	0	0	1	0	0	1	0	0	0	0	0	0	0	0	0	0	0	0	0	0	0	0	0	0	0	0	0	0	8	0	0	0	0	0	0	0	0	0	0	0	0	0	7	0	0	0	0	0	0	0	0	0	0	0	0	0	0	0	0	0	0	0	0	0	0	0	0	1	0	0	0	0	1	0	65	0	0	1	0	11	40	0	1	0	0	0	0	0	103	0	0	0	0	0	0	0	0	1	0	0	0	0	0	0	0	0	18	0	19
1825	C	4	21	0	1	0	0	0	0	6	34	0	0	5	0	0	2	0	0	8	0	0	1	0	1	0	0	0	0	0	2	0	0	0	0	0	0	2	0	0	0	6	0	0	26	5	0	7	7	0	0	3	49	2	0	0	14	5	6	17	0	15	0	0	0	1	0	1	0	2	0	0	0	0	0	0	4	0	0	0	0	1	0	0	0	0	0	0	0	2	0	0	1	0	0	0	21	0	0	0	1	0	5	0	0	6	0	0	0	0	0	0	0	0	0	0	0	0	0	0	0	1	0	0	0	0
1827	C	3	19	0	0	11	0	3	0	1	4	3	0	5	0	1	0	0	6	15	0	0	0	25	0	0	0	0	0	9	0	0	3	7	0	0	0	1	0	0	0	31	0	0	30	0	0	0	0	0	1	1	41	0	0	28	17	0	2	13	0	2	0	0	0	0	1	7	0	0	1	0	0	0	0	0	0	0	0	0	0	0	0	0	0	0	0	0	0	0	0	1	0	0	0	0	0	0	0	0	0	0	0	0	0	0	0	0	0	0	0	0	0	0	0	0	0	0	0	0	0	0	0	0	0	0
1866	C	20	139	3	0	16	0	0	0	0	11	3	0	4	0	1	1	0	1	3	0	0	1	4	2	0	0	0	0	20	2	1	0	0	0	0	0	0	0	0	0	0	0	2	2	0	0	0	0	0	6	0	34	0	0	5	0	13	0	0	1	0	0	0	0	0	0	1	0	0	0	0	0	0	1	0	0	0	0	0	0	0	0	0	2	0	0	0	0	0	0	0	0	0	0	0	0	0	0	0	0	0	0	0	0	0	0	0	0	0	0	0	0	0	0	0	0	0	0	0	0	0	0	0	0	0
1887	C	1	21	0	0	0	1	0	0	0	0	0	0	0	0	0	3	0	0	0	0	0	0	0	0	0	0	0	0	1	0	0	0	0	1	1	0	0	1	28	0	19	174	0	0	0	0	0	0	0	0	0	0	0	0	19	0	0	5	0	0	0	0	0	4	0	0	0	2	0	0	4	3	0	0	0	0	0	0	0	0	0	0	0	1	0	0	0	0	0	0	0	0	0	0	0	0	0	0	0	0	0	0	0	0	0	0	0	0	0	0	0	0	0	0	0	0	1	1	0	0	0	0	0	0	0
1888	C	9	28	1	0	2	0	0	0	0	4	0	0	0	0	0	12	0	0	11	0	0	0	0	0	0	0	0	0	6	2	0	0	0	0	0	0	0	0	0	0	2	0	0	0	0	0	17	0	1	0	7	2	0	0	26	0	1	0	2	0	10	0	0	0	0	0	0	0	0	0	0	0	0	0	1	0	0	0	0	0	2	0	0	2	0	0	0	0	0	0	0	0	0	0	0	0	0	0	0	1	0	0	0	0	0	0	0	0	0	0	0	0	0	1	3	0	0	0	0	0	5	0	0	0	3
1889	C	12	33	1	0	32	0	0	0	8	13	0	0	0	6	2	4	0	0	75	0	0	0	15	0	0	0	0	0	3	1	0	3	0	0	0	0	2	0	0	0	4	2	1	0	0	0	4	1	0	1	0	27	0	0	23	0	1	3	0	0	0	0	0	0	0	0	8	0	0	0	0	0	0	1	0	0	0	0	0	0	0	2	1	0	0	0	0	0	0	0	0	0	0	0	0	0	0	0	0	0	0	0	0	0	0	0	0	0	0	0	3	0	0	0	0	0	1	0	0	0	0	0	0	0	0
1893	C	7	24	4	0	4	2	1	0	0	0	0	0	23	0	1	8	0	1	0	0	0	0	0	6	0	2	0	0	0	1	0	1	0	0	0	0	0	0	0	0	7	0	0	0	3	0	0	0	0	1	0	32	0	0	4	30	2	7	85	0	0	0	0	0	0	0	0	0	1	0	0	0	0	0	0	0	0	0	0	0	2	0	0	0	2	0	2	0	11	0	0	5	0	0	9	0	0	0	0	0	0	2	0	0	0	0	0	0	0	0	0	0	0	0	0	0	0	0	0	0	0	0	0	0	0
1894	V	4	17	0	0	21	0	0	0	0	10	0	1	0	4	0	5	0	0	0	2	0	0	0	0	1	0	0	0	6	0	0	4	18	0	0	0	0	1	1	0	8	0	2	0	4	0	0	6	0	5	1	25	2	0	122	0	0	10	2	0	1	0	0	0	1	0	0	0	0	0	0	1	0	0	0	0	0	7	0	0	0	0	0	0	0	0	0	0	2	0	0	0	0	5	0	0	0	0	0	0	0	0	0	0	0	0	0	0	0	0	0	0	0	0	0	0	0	0	0	0	0	0	0	0	1
1896	C	9	45	0	0	0	0	0	0	7	34	0	0	31	0	2	0	0	11	30	1	1	0	2	0	0	0	0	0	4	1	0	0	0	0	0	0	1	0	0	0	0	0	0	48	0	0	0	0	0	1	0	8	0	0	36	0	1	3	0	0	0	0	0	0	0	0	3	0	0	1	0	0	0	0	0	20	0	0	0	0	0	0	0	0	0	0	0	0	0	0	0	0	0	0	0	0	0	0	0	0	0	0	0	0	0	0	0	0	0	0	0	0	0	0	0	0	0	0	0	0	0	0	0	0	0
1897	C	0	31	1	0	1	0	2	0	0	0	0	0	5	0	0	1	0	4	5	18	0	0	0	0	0	0	0	0	0	0	0	0	3	0	0	0	0	0	17	0	6	0	0	65	5	0	0	0	0	0	4	43	0	0	0	6	0	0	2	0	0	0	0	0	2	0	0	0	1	0	0	0	0	0	0	0	0	0	0	0	0	1	0	2	0	1	0	56	0	5	0	0	0	0	0	0	0	0	0	0	0	0	0	0	0	7	0	0	0	0	0	0	0	1	0	0	0	0	0	0	0	0	0	0	0
1904	V	7	18	0	0	21	16	0	0	0	0	18	0	7	4	0	6	0	6	0	0	0	0	8	1	0	0	0	0	6	0	0	6	0	0	0	0	0	0	2	0	32	2	0	8	0	0	0	0	0	4	1	0	0	0	1	0	0	2	0	0	7	3	0	0	0	2	0	0	0	0	0	0	0	0	0	0	0	1	0	0	0	0	6	0	0	0	0	0	0	0	0	0	0	0	0	0	0	0	0	0	0	0	0	0	0	0	0	0	0	0	2	0	0	0	0	0	87	1	0	0	0	0	0	0	0
1910	C	5	38	0	0	0	0	0	0	0	1	0	0	0	0	0	2	0	0	23	0	0	0	0	0	0	0	0	0	0	1	0	0	14	0	0	0	0	0	0	0	8	0	0	0	0	0	0	0	0	0	0	2	0	0	0	0	0	25	23	0	0	0	0	0	2	0	0	0	0	0	0	0	0	0	0	0	0	0	0	0	0	0	0	0	0	0	0	0	12	0	65	0	0	0	0	2	6	2	2	3	0	1	0	2	12	0	0	0	1	0	0	1	4	3	0	0	0	0	0	0	0	0	9	0	0
1911	C	15	5	0	0	0	0	26	0	0	1	0	0	0	2	0	3	0	1	0	0	0	0	0	1	3	0	0	0	0	6	0	2	3	0	0	0	0	0	0	0	87	0	0	2	10	0	0	0	0	0	0	10	1	0	0	2	0	12	82	0	0	0	0	0	5	0	0	0	0	0	0	0	0	0	1	0	0	0	0	0	0	0	0	0	0	0	0	0	0	0	2	0	0	3	0	0	0	0	0	0	0	0	0	2	2	1	0	0	0	0	0	1	0	0	0	0	0	0	0	0	0	0	0	0	0
1914	V	7	122	1	0	1	0	1	0	0	5	2	0	30	21	1	1	0	10	3	1	6	0	39	0	0	0	0	0	6	0	1	2	0	0	0	0	0	0	0	0	3	0	0	4	0	0	0	0	0	3	0	0	0	0	2	0	0	8	0	1	0	0	1	0	0	0	1	0	0	0	0	0	0	0	0	0	0	0	0	0	0	1	0	1	9	0	0	0	0	0	0	0	0	0	0	0	0	0	0	0	0	0	0	0	1	0	0	0	0	0	1	0	0	0	0	0	0	0	0	0	0	0	0	0	0
1917	C	8	1	0	0	7	0	2	0	3	21	0	0	20	1	0	4	0	0	0	0	0	0	9	0	2	6	0	0	2	0	0	0	0	0	0	0	1	0	0	0	9	0	0	23	0	0	0	0	0	0	5	14	4	0	15	24	0	26	77	0	1	0	0	0	1	0	0	0	0	1	0	0	0	0	0	0	0	0	0	0	0	0	0	0	0	0	0	0	0	0	0	0	0	1	0	0	0	0	0	0	0	0	0	2	0	0	0	0	0	0	0	0	0	0	1	0	0	0	0	0	0	0	0	0	0
1919	C	10	1	0	2	0	0	0	0	0	0	0	0	0	0	0	0	0	0	2	0	0	0	0	0	0	0	0	0	0	0	0	0	2	0	0	0	0	0	0	0	0	0	0	0	12	0	0	0	0	0	0	0	0	0	0	2	0	31	91	0	0	0	0	0	2	0	0	0	0	0	0	0	0	0	0	0	0	0	0	0	0	0	2	0	0	0	0	0	4	0	15	0	0	6	0	0	12	4	0	0	0	1	0	1	52	0	0	0	0	0	0	0	5	12	0	1	0	0	0	0	0	0	4	0	0
1929	C	6	25	0	0	0	14	0	0	0	35	0	0	0	0	0	0	0	1	0	0	1	0	14	0	0	0	0	0	9	0	0	0	0	0	0	0	1	0	4	0	50	23	0	0	0	0	2	2	0	1	0	0	0	0	38	0	0	0	0	0	14	0	0	0	0	0	52	0	0	0	1	2	1	0	0	0	0	0	0	0	0	1	0	0	1	0	0	0	0	0	0	0	0	0	0	0	0	0	0	0	0	0	0	0	0	0	0	0	0	0	0	0	0	0	0	0	0	0	1	0	0	0	0	0	0
1932	C	4	81	0	0	3	0	0	0	7	43	0	0	0	0	0	24	0	0	2	0	0	0	6	0	0	0	0	0	4	0	0	3	0	0	0	0	1	8	1	2	10	0	0	0	0	0	7	1	0	0	0	0	0	0	16	0	0	4	0	0	0	0	1	0	0	6	37	0	13	1	1	0	0	0	0	12	0	0	0	0	0	0	0	0	0	0	0	0	0	0	0	0	0	0	0	0	0	0	0	0	0	0	0	0	0	0	0	0	0	0	0	0	0	0	0	0	0	0	0	0	0	0	0	0	0
1933	C	1	62	0	8	7	0	0	0	0	0	0	0	0	0	0	4	0	0	4	0	0	0	30	3	0	0	0	0	0	0	0	2	0	0	0	0	0	0	0	0	6	0	0	0	0	0	0	0	0	0	1	44	0	0	0	7	1	8	52	0	53	0	0	0	1	0	0	0	0	0	0	0	0	0	0	0	0	0	0	0	0	0	0	0	0	0	0	0	0	0	0	0	0	0	0	0	0	0	0	0	0	0	0	0	6	0	0	0	0	0	0	0	0	0	0	0	0	0	0	0	0	0	0	0	0
1936	V	0	1	0	0	0	0	0	0	0	0	0	0	0	0	0	0	0	0	7	29	0	0	0	0	1	0	0	0	0	7	0	0	0	0	0	0	0	0	0	0	0	0	0	0	1	0	2	0	0	0	0	0	0	0	0	0	0	0	31	0	0	0	0	0	0	0	0	0	0	0	0	0	0	0	0	0	0	0	0	0	0	0	0	0	0	0	0	0	0	0	26	21	0	1	0	16	4	1	28	0	0	3	0	0	75	0	0	0	0	0	0	0	0	0	0	0	0	0	0	0	0	0	19	0	0
